0.048659786583394142 0.51416218285326809 0.55977260767070058 0.0636359457257413 0 5.7032506695167441e-06 6576554.0625801627 176792958.68136877 420519429.3744216 37497529.704640731 1998141475.5169656 135005896.50224155 0 300.67526141755127 -0.00018123161080296817
0 1.1736473140960311 0 0 1.0000000000000001e-05 1.0000000000000001e-05 6636237.5266098585 59242009.033851273 365434013.13204408 12298478.419537546 2443970342.2878418 78904692.233156428 0 283.33121945120587 -0.00018114874613519422
0.00024194032072400763 1.140984887769273 0 0 0 4.4690722232050242e-06 6622580.8820047136 59730109.12502981 375471276.07083201 11997946.958801564 2504322723.5673943 76910980.261463165 0 287.04213247666371 -0.00018110705422341107
0.064951400043778015 0.45008416581161903 0.50213069687217382 0.053924018378761256 0 1.0000000000000001e-05 6674665.3742978461 159147998.86901507 169959252.90837306 39415220.225345239 455268502.56626439 259912875.17657036 0 276.93307577602218 -0.00018114804158007744
0.044394078325571976 0.42377497102227191 0.024718977072051063 0.110144503708131 3.3115052657543924e-07 6.3837814430734101e-06 6724544.4057675581 113816489.16855608 274393456.12179261 37199828.975407913 824550753.12283742 208075646.84340823 0 262.23489239520308 -0.00018118999606089151
0.028247946511754003 0.26092218744721979 0.068574295463415383 0.041851243837687235 0 1.2639000313356822e-07 6699062.1726411246 78125703.680596471 367991265.4978357 37199556.616191886 869316181.43953061 209775593.98461437 0 268.85319497501376 -0.00018110684872681043
0 0.20694951221705474 0 0.016937399558153633 0 0 6495805.7639381681 19876211.796161037 472832414.39561266 10155448.720140547 3069148706.9123726 66927625.839131661 0 324.87467550766058 -0.0001811904940969898
0.0030953102680524279 0.023030347480864442 0.65262182646122413 0.51889444699683118 9.8266503974089973e-06 9.3361651440619472e-06 6394975.5562111 18032355.526178136 347023354.74554402 28603046.949313998 2346374846.6636648 189950342.17945385 0 354.37617273599938 -0.00018119076186584105
0.069580297195460494 0.089539469691388929 0.026318508451030016 0 4.4599227998466574e-09 9.9712626634431299e-06 6599703.8960677572 55793041.357516527 52991088.732988551 43081492.316737652 363354054.75852388 295493561.42188817 0 302.32128427037185 -0.00018114875476205476
0.00029355695493721301 0 0.0019942997755471314 0.2927860410411649 3.3631497682134606e-07 4.2077176188277008e-06 6394144.3848968837 7120250.8978996435 377946679.31824327 25932024.411787067 2473477652.682374 178416861.61637467 0 354.37617272532987 -0.00018114918040150295
0.0061217954135977595 0 0.0019942997755471314 0.2927860410411649 3.4895123030334778e-07 9.855141852251477e-06 6440702.3466210905 12477833.130147725 188680674.47324184 47925864.915968277 986169979.26614571 318017248.43407458 0 354.37617265994629 -0.00018123237987182215
2.5312423118584686e-06 1.0722203941843795 0.00028937622092243154 8.8482415135156256e-05 1.0000000000000001e-05 9.6065456232441626e-06 6584764.2882861886 59624308.096955404 398996632.54534554 10925668.768983012 2677990217.5704098 71330471.194948733 0 297.57550757493436 -0.00018119047454090301
0.00031592479360275142 0.014153273377200737 0.074229951887857082 0.038983424865697558 6.7026965672091588e-07 2.3810567919840901e-06 6395267.4732687259 9391056.9216729309 424656184.20146859 21897458.657060135 2777201368.9922767 149675813.2041176 0 354.37617367247674 -0.00018123243799890966
0.00060670471301458142 0.00042920950241374353 0.044617085058669216 0.13631649900238127 0 1.0000000000000001e-05 6394414.2709781025 7934763.6822369527 366733838.86125398 26900540.927734461 2408337448.5718584 184524752.30467629 0 354.37617380701488 -0.00018123244402453695
0.028502450952167704 0.22769389842747312 0.0014088016438719864 0.18889916118167419 0 9.2390536031766992e-06 6598188.1707285605 83933150.571679503 378849712.16137058 41323710.331026152 757106013.52972221 251277239.64447248 0 299.56986249394606 -0.00018119032064903582
0.0045319083086315347 0 0.25386833925982699 0.030284252446727944 5.0652605753803519e-06 1.0000000000000001e-05 6419086.2776290243 12793517.518305492 226413993.75198066 41587795.890952162 1406566709.8728004 278580469.27682257 0 354.37617390135364 -0.00018127404332114868
0.00025336484059606482 0.019611586289840072 0.081354931567182917 0.48655835076657089 4.0450710226568103e-07 2.3810567919840901e-06 6397322.7391098402 9792404.2111647222 447723900.9732495 19904970.562517654 2929466905.4331627 135269921.95776415 0 354.37617320200604 -0.0001811907971971758
0.01903819885328057 0.18727125930801414 0.047856497782315793 0.0079325393249645715 1.0832904561789581e-07 3.2524572334752388e-08 6512395.1759062745 72372306.125011325 389204577.70168948 33167770.112462234 1871626338.1848156 165019381.62810791 0 317.52190447566818 -0.00018102366407432704
0.0056044236259128345 0.084147280680484798 0.26835178526979669 0.4402900850406597 9.8124434058764844e-06 9.2912314363435813e-07 6400543.8223635545 33801991.123625278 467864218.63423252 18433120.237817865 3095395714.1318579 119475501.5436985 0 354.37616542949911 -0.00018102404538408788
0.01097900109223769 0.35817758661753052 0 0.0031568116452623529 2.1448211119753765e-07 9.9998800929669067e-06 6525053.1623285208 59031580.400949463 454771094.98003888 9413059.5170427598 2981478765.3658237 62603386.977611057 0 315.88129216725463 -0.00018106542632250692
0.043752891151271713 0.30322958850864157 6.3034854731935626e-05 0.085316003660915796 1.6498136410801265e-07 8.8033136044427516e-06 6728904.3780040201 86174047.148932979 136143439.74392039 37771799.20766449 410238350.32447308 249800879.37832072 0 262.23489285227862 -0.00018123190039496688
0.037400230717700648 0.26085745739214222 0.0017439844924153167 0.10608599706840512 9.9838344220414781e-06 0 6728783.5620970093 76919004.045977533 147478641.88910201 37771798.898455091 421573576.66014779 248591217.91025719 0 262.23489471277401 -0.00018123197510244398
0.00154367679595831 1.139957176782622 0.00028937622092243154 0.00084943104124706945 9.9992177613180027e-06 9.5679160517481675e-06 6667959.4135840982 58207031.699901611 349965488.46674472 12997440.843205441 2307362978.3851066 83400459.686847523 0 274.97336671145376 -0.00018119042970545613
0.063883899739329703 0.46123358794616776 0.52182931811709032 0.030411950779806667 3.9539803458901248e-06 3.8288659748731321e-06 6696781.4239566624 159832673.81101829 232126397.72049141 38414054.970375389 510499557.45948565 247546179.57494301 0 270.55787009671144 -0.00018114803917952807
0.02300741989785561 0.16819032944637238 0.031560351008882555 0.039280466918868773 4.1236505355861636e-07 3.7503332731991237e-07 6571821.7165212156 65811498.387319997 284966919.86505783 42686246.768881887 665766190.53134561 269922737.26044393 0 308.38087120564387 -0.00018119041807272265
0.0020560677023445306 0.98255259719068899 0.012343794981452001 0.027174015707849015 2.5094651736704529e-10 9.9245164982819188e-06 6537213.7347324789 66114316.493223816 442679666.51182067 9982704.1384105533 2916051233.8453217 63579932.450253204 0 311.98481883348592 -0.00018106537180771927
0.003559248408386118 0 0.019724907763338888 0.44443655627263357 9.6823264984325787e-06 4.3858944743223552e-06 6409409.7568682609 12299190.713807287 249355533.3843599 37926878.870258972 1654782238.3719115 255282356.60874265 0 354.37617135211065 -0.00018110748974728617
0.022609804284827534 0.15766987646871694 0.032400421985668532 0.022325938990482852 4.2958359612042975e-07 3.0856466521673126e-07 6567022.9893162157 62897374.578147389 259842383.63953006 43196884.379855014 610636169.27001822 277899029.77643681 0 310.71116410922025 -0.00018110704715545084
2.0575290880604866e-05 0.21693265744904697 0 0.016963838048434994 0 0 6510565.3208813239 19071026.461661689 471994746.88200736 9463200.9867161289 3064630122.595644 63193175.08527872 0 320.72043982733589 -0.00018114880293209303
0.028550125125955311 0.30579571640213443 0.001984655403117104 0.04921407884726503 9.9975089794952009e-06 9.1058924144319946e-06 6716071.3899023123 78923478.435350686 296780379.87367022 31671000.674042635 1653069336.0066273 131243413.7201079 0 262.37264196065996 -0.00018119026837429264
0.01903819885328057 0.18899227811265507 0.047856497782315793 0.031317694752696607 1.874743820389373e-07 2.4521676041300575e-06 6494545.098859081 74451456.751985908 389000266.21161646 31721347.00208427 1986323571.8870194 159679514.04510707 0 322.66597366157225 -0.00018106535567666195
0.048335905094342227 0.46569590353850715 0.2810150879050039 0.17241239239348899 2.5255797524095593e-07 1.0000000000000001e-05 6697261.1718392307 146892899.989196 385965853.50865912 37199829.764482871 985978967.8226254 198997392.82934707 0 269.83034316330566 -0.00018106453906952251
0.036061536560860849 0.26722386519856089 0.071653392233015173 0.00033031133276469407 3.2256338087052099e-07 9.0501567734434853e-06 6728919.3460014733 77384780.451160222 235220741.2935248 37771792.532577582 509315776.3721211 239227611.76662052 0 262.23489525456563 -0.00018119023940034505
0.043526820983134144 0.28485021412796968 0.26032324979885285 0.047212205772622577 9.5893054093411112e-10 8.8033136044427516e-06 6577585.9715558635 110404752.04068889 183413396.90896371 43519957.873783857 497907393.69031531 286934039.62282377 0 308.03720141431376 -0.00018119016038564475
0.044343241175603121 0.43121164212446561 0.0018111495305344345 0.023939501370877712 2.5131954385230955e-06 8.7937556924040917e-06 6722971.0923717096 109309943.74701907 296380428.1102677 37199825.499421738 945966319.92057192 196471152.83172619 0 262.23489348030353 -0.00018106465402985641
0.044500884221569253 0.46509307144783735 0.34394489231083369 0.21963169879374317 9.9876327615473125e-06 9.906342881603674e-06 6591261.8318595216 158971224.92590332 420394751.32411897 37379781.134209 1846744558.5907106 144648738.10958046 0 296.3471332109574 -0.00018123168832430672
0.017119786437814217 0.16694476932075292 0 0 9.9753349765747989e-06 1.0000000000000001e-05 6544755.4863382475 61885403.848022267 398852668.44496793 32675923.853812087 1738681955.6554728 168404439.78123802 0 308.00010325882982 -0.00018119048234653128
0.028605795320739147 0.32654653542190015 0.012343794981452001 0.027077534484721388 4.2314530193566746e-07 9.2079622714088279e-06 6716163.861444423 79906221.284182087 313623088.31625843 24693248.285498187 1910742929.5703435 107974296.25647652 0 262.23489865551778 -0.00018110679135838073
0.028247946511754003 0.26612540574754562 0.001595498751864724 0.041851243837687235 2.4018477980872736e-08 1.2639000313356822e-07 6718813.6750122588 72478850.708403856 285856960.85395968 37119083.458541155 867864223.63128757 204952995.42549667 0 263.0152910661019 -0.00018114856950847196
9.6819786612996686e-06 0.019300186996846887 0.067609823111537237 0.020156122812284238 0 6.4381520013944407e-06 6398384.0590532422 8925918.2084654793 458294220.47833568 18991952.181411445 2991403756.3494797 129458406.66175976 0 354.37617360830689 -0.00018123243541755108
0.0065948608933382603 9.5894094196616992e-06 0.0019942997755471314 0.042375144647997173 1.1244495708586964e-06 3.6999957437905067e-06 6448417.1451398274 12123344.343536882 177319089.22661477 49725553.930905685 860027853.00634813 329857987.85833091 0 354.37617223533118 -0.00018123237473748584
0.046620635972645944 0.52671320786730935 0.39203507499972795 0.029553764265270704 3.6474891198972704e-11 5.7032506695167441e-06 6689044.523066191 152618171.03058195 385965861.53500867 27553975.833576325 1976213686.0717552 107884969.46848509 0 269.83034191839073 -0.00018110629995172605
0.0021792571056249588 0.0027814335554523506 0.0077001086040680003 0.29615618975162838 9.8906077685130292e-06 2.3107797286031223e-09 6398424.0936144684 11516716.398299251 308928336.83792549 31893528.159014627 2073000542.7760329 215964578.21360201 0 354.37616962538323 -0.00018098259662115281
0.017263040156265071 0.13888430670512247 0.01251487010986695 0.42114833799768892 1.874743820389373e-07 2.4521676041300575e-06 6492925.0478219651 61452475.433908716 374789630.49144578 41778683.862931184 1282634873.1221547 236292882.11799747 0 328.39960718589981 -0.00018123219345124404
0.047043258381045908 0.07958546718867332 0.039475969470366711 0.56928199263505685 3.1055752274537614e-07 9.7763628870938494e-06 6542482.9023100426 49953014.988840818 56544071.014583923 46011572.408509038 388195918.52086836 315994014.42908204 0 324.04098062734329 -0.00018114881535152719
0.017898724162201743 0.22320678891466594 0.069161486290074708 0.10446727693441971 9.8580707462642625e-06 3.3168284928051113e-06 6497779.263487827 75385793.94544208 445425356.35272628 13990795.280702578 2933199704.4420476 73418386.688936681 0 323.22674730325957 -0.0001811904167108348
0.0038407876883400794 0.053968665628166435 0.01386971839640877 0.067164327325050066 9.9953773653503193e-06 9.0271798894755319e-07 6396838.9720146265 24984229.766840082 425783849.27916676 21800056.784259949 2876584505.1625857 139692919.10582861 0 354.3761714049237 -0.00018119072668626435
0.025896167998250244 0.25422115488746155 0.016510894840297261 0.0026628644325923101 1.0418243766254163e-06 8.2110874886184683e-06 6710581.5520834466 68777996.847463936 306479007.35641372 36232947.826101936 1133681734.4485712 180889571.48764643 0 264.41916809521786 -0.00018110689879414127
0 0.022713084028246455 0.045969997392178871 0.0042114509063815178 0 0 6400380.6111265663 9125325.8295152858 473483963.2596873 17679928.051502001 3091720141.8524666 119972488.83113445 0 354.37617281884047 -0.0001811907946000983
0.00028317748633885538 1.2982532748457114 0.00045489051165161897 0.0076708392916390034 9.7498485883747222e-06 1.6454339602191036e-07 6697661.665566681 59173148.738844395 335290762.20911223 13168037.133081086 2184195976.5767784 87553404.763511419 0 267.33401134272316 -0.00018110699669036365
0.043526820983134144 0.28256506859880204 0.26032324979885285 0.047212205772622577 9.5893054093411112e-10 8.8033136044427516e-06 6571018.7357902676 110344791.82233214 175807770.86360332 43904656.765438929 493009498.11124051 289983463.18632287 0 310.52602513506321 -0.00018106493255936224
0.020845599599114566 0.16530029983917971 0 0 0 1.0000000000000001e-05 6635426.5908452235 56022570.353541464 346302977.97811329 39534464.446262829 729906565.35124075 242071370.86069256 0 287.45252563899624 -0.00018106536514756586
0.019324923752730559 0.16676498038356102 0 0 1.0000000000000001e-05 1.0000000000000001e-05 6607151.2182695121 58281512.227790505 390343193.24119043 39123702.974462993 1064573927.2658503 215895140.80061772 0 293.2905284375388 -0.00018123214828185481
0.023205801295206899 0.1943428023349788 0.037547530523207001 0.00069986092034772865 9.1386159502769955e-06 1.2560573808711728e-07 6657457.3013278134 63248418.611386955 386011087.959885 38585786.0434708 787543853.3778007 229709075.57599819 0 281.11028990505508 -0.00018114868818059322
0.022450830352837917 0.21883575731432225 0.036850070252406053 0.052659715371267166 9.4539415742128167e-06 7.3331230105501127e-07 6590882.5278540952 75553076.262004018 386788133.61036688 36581270.786976606 1491173108.2346234 178022740.04405102 0 295.64085144069668 -0.00018114867119258354
0.086426712604256495 0.012814628159959492 0.0021418764221468284 0.12571548101804333 9.6579887229131914e-06 9.9590897429999109e-06 6499719.0999029791 48117765.426062368 62719639.067704476 51036815.445066884 429681468.26714534 349763527.54965472 0 343.21554778751715 -0.0001811488378970126
0.0058550707735302871 0.0010797217610430641 0.052184917463913461 0.7387958955935412 2.8004358464097057e-06 2.2254302424840244e-06 6434948.161139803 13132361.66981769 198626134.32716924 46424107.956029095 1086967588.7023897 308543971.99011028 0 354.37617223585028 -0.00018119074176660091
0.00060670471301458142 0.021375621004405428 0.076476080829963711 0.13631649900238127 0 9.8273753105630107e-06 6396591.3311169371 11132708.897812722 438829209.5631752 20673255.404670347 2880879133.5409245 139798261.05190387 0 354.37617230617752 -0.00018114915503757834
0.019300865620827716 0.19840212832028348 0.0071578896054863249 0.31839660416124499 1.0000000000000001e-05 0 6492909.8513726816 76668780.207961828 387227248.80117941 29533188.803748742 2148577478.0246406 144688292.21207958 0 322.91454675568912 -0.00018110703311214081
0.019539069151945469 0.18354152316570566 0.03685301879862575 0.0070413539866898828 5.2480146761485716e-07 9.8523159348248984e-06 6547487.1500852201 68861044.029489249 387371785.01377141 36753184.665001594 1540519062.5184064 186189084.74170494 0 308.17774497023356 -0.00018114875410265262
0.016829249358956515 0.16697250001193722 0.00039883260932115994 0 8.8230900954339464e-06 9.9999714203023188e-06 6534752.9756536279 62415723.927244261 398910970.03007108 31500156.089511596 1847383960.5744197 161033050.43339241 0 310.69887055502102 -0.00018110710593131934
0.00028317748633885538 1.344633950276616 0.00045489051165161897 7.7571757049708749e-05 9.7498485883747222e-06 1.6533370506494935e-07 6706942.3148816032 59624882.955574304 324070897.72553968 13168037.388511574 2147215779.2331386 88905045.17445612 0 264.90264319360085 -0.00018102357542848637
0.025622284073807414 0.25422115488746155 0.022327135965389752 0.0026628644325923101 5.7581818463005144e-08 8.2110874886184683e-06 6706860.0232413262 69329927.650139734 318832327.49986726 35985471.842620641 1200846026.555474 175291496.25967786 0 265.26013543466547 -0.00018119032028722254
0 0.0066940637156699522 0.034851885323431496 0.41663123130315621 9.6216484982958549e-06 9.5062519235655352e-06 6394507.5472754249 7453241.3599354299 412144326.55528909 22978178.787865873 2688161858.6989083 158160121.41695458 0 354.37617279024096 -0.00018114917869323178
0.00080217242728958314 0.00011198834415574832 0.073717083916960371 0.019614564090284919 9.1234880543669728e-06 4.7669234834362582e-08 6394776.9010061752 8303338.2815261753 357502014.5701437 27697944.641207945 2352750507.9343567 189750010.79338607 0 354.37617180808274 -0.00018110753775983521
0.017263040156265071 0.16673116340601457 0.01251487010986695 0.42114833799768892 3.2296277392813474e-07 8.7781645955675676e-06 6491846.3560849801 67565233.900470421 398858927.55189157 32215704.443988979 1912371992.8504906 168295071.14187494 0 323.7145105059011 -0.00018110709945343481
0.00020619566916339912 1.0199524427884104 0.00029979035172771735 0.00057299301688886264 9.5027681979786632e-06 9.9513258341791096e-06 6562746.3245759401 59777446.287836634 414794539.59653747 10660914.956236165 2786561317.7851248 68154990.878527895 0 304.21187722366483 -0.00018114878821024743
0.024641047043052918 0.17445966105838889 0.030421359078825257 0.052417497887775513 9.9947390667997247e-06 9.835306584667682e-06 6587285.9244166063 66831595.652014621 266996690.79936856 42376479.95710738 583203060.53904867 273714709.48695058 0 303.93244709429848 -0.00018102359076634141
0.0033465413231148163 0.004556006612617243 0.043793935138329639 0.21225138515172026 1.0000000000000001e-05 7.8272863998688456e-06 6404227.6556283347 13594833.584497361 269314501.55280882 35629246.697096102 1822701776.7594869 239433172.15638241 0 354.3761704720506 -0.0001810658476980636
0.024126004882064192 0.22773749774307955 0.002996210539073695 0.016316645321920634 4.8404364656611286e-06 9.2229220671639101e-06 6704474.8868567515 63692680.891299561 336507768.58432835 36630120.876809366 973617892.11307299 197910082.27839151 0 266.46341843280516 -0.00018119036966224295
0.028617572334165911 0.21693265744904697 0 0.015717609523632808 0 0 6729168.2487907093 60939705.687470719 259460610.34544444 37771768.05056791 533556181.81134403 236640770.84264907 0 262.2349106093655 -0.0001809817898660836
0.019178073422641849 0.16285212435720908 8.5708139442712978e-05 5.1128407474237676e-05 9.5947378897416471e-06 3.6550667912880694e-07 6597554.9624030627 58314054.361303717 391251495.6875301 39645282.224025324 1051395541.9376247 220498790.0333401 0 296.34243968929144 -0.00018119046042387491
0.0070977199182841542 0.0014354498212615779 0.24541157176331405 0.72633783333241986 5.0652605753803519e-06 9.9124490825197158e-06 6454183.4767046049 12414534.501141123 169912025.09090242 50900682.484546512 771357835.52751422 338200321.05730128 0 354.37617258876855 -0.00018123236919348831
0.016002326524942156 0.18961521284986327 0.037906473654186583 0.025147191252658255 9.9543860571402539e-06 9.6835977688769377e-06 6494490.9036258934 67625696.232152984 438855749.79183805 19902087.870080009 2782454765.3323021 87574493.747760341 0 323.64255305215272 -0.00018114877700325184
0.0081113128764649586 0.0055322130139633515 0.092446340294554563 0.050875783002455488 9.5808056348724801e-06 1.5378414558140359e-07 6462384.1312811822 13688493.70969991 159031288.30039871 52232216.884816945 652539810.70850253 349436108.67949939 0 354.3761687953205 -0.00018110739975311905
0.064183625342849132 0.46637012607193939 0.52781060213127151 0.031444822622443261 8.8962611270966346e-06 9.8751414894741756e-06 6699529.7760717161 161331544.345761 246484452.87914833 38293809.077340543 524053168.81712443 245349042.80887145 0 269.81837740876114 -0.00018102262937814056
0.0031516373699265292 0.0042896357378618428 0.0014372446222305837 0.003247826493735062 9.6818436652968093e-06 3.8306402972472848e-07 6403072.3054459579 13291613.805602506 274156259.35975188 34995591.245526269 1865244441.8310318 235443630.93848985 0 354.37617231034329 -0.00018119077222169232
0.046650399370038807 0.16540859933263249 0.035933123791133365 0 7.0801553347173568e-07 9.6093924963043946e-06 6699959.921642296 58222690.584244974 48008616.971158631 38966074.175694101 329109081.70900822 267191166.04612809 0 270.83686852024545 -0.0001810652708864185
0.0010030209018698881 9.5812335455382205e-05 0.24116872812519302 0.4237679572764394 9.9076601425531384e-06 9.6060636203001639e-06 6395211.2910448508 8723018.9472266175 348915132.95650786 28439642.2962448 2302218177.9793339 194494203.08436102 0 354.37617274933336 -0.00018114916926248486
0.028337304010783989 0.25787748694498053 0.0038376927129045004 0.0024819785818567877 8.7824955468249101e-06 1.8449869399796024e-06 6724624.5344274789 68491678.114551038 274393472.33496541 37199818.410929345 722670098.2983588 218117571.46538186 0 262.23489836790259 -0.00018114857936216171
0.012411866874005879 0.22721008806904813 0.051928960758478263 0.3385943510252914 1.9993569469948931e-07 4.3485240398783397e-06 6490733.2548267255 59908346.83893989 459886133.55587155 10147022.823772309 3041621320.8583603 68946827.191763818 0 326.04802102553242 -0.00018123215181370899
0.027630050838599176 0.18694852125484016 0.0057183193843502872 0.025026445887324722 9.733280554923277e-06 4.7351596569497088e-06 6696690.4344302667 58199004.435656033 182748089.58657727 38504954.290641725 461672844.27657294 252862373.34524053 0 270.66114702811939 -0.00018102358298832192
0.024952077369415966 0.25422115488746155 0.016510894840297261 0.0021759676564535521 1.0418243766254163e-06 8.8430575913858787e-06 6704644.2265150333 68456208.112209931 321243132.16899019 34726677.007400014 1334678506.8487811 163098062.84685144 0 265.42425482839087 -0.00018119033309918242
8.007425812974324e-06 0.0059602301668061439 0.65095707495955391 0.0067349757248788781 2.5599546598030313e-07 3.0856466521673126e-07 6394404.7944706287 7368133.845932696 409468257.89606875 23209327.161808461 2670995349.1023765 159782678.78249305 0 354.3761729070327 -0.00018114917930512687
0.0021994244231951002 0 0.0077860375920663916 0.28597609146423003 9.8675777613591431e-06 4.3534705451085652e-06 6399886.1590553885 10794901.73930938 297417080.27765226 32887820.592793643 1998257141.6013973 223033322.36002529 0 354.37616965871359 -0.00018098259939063041
0.0012184270540327793 0.013497586226997565 0.10255505620157752 0.056985908129952773 2.0818475949553657e-06 2.2284271469965022e-07 6394093.0847499594 11808477.351090411 389114856.4401139 24967364.353456404 2568768264.4566269 169254524.01922747 0 354.37617225936253 -0.0001811491549641018
0.015575464153254247 0.20311391101253062 0.64999684328123319 0.0056392768875542093 3.4068561032941336e-07 2.8029761465163434e-06 6497488.0133757498 67099641.757297516 459136698.00080532 10874859.469978459 2987860682.2890539 69246054.272445694 0 323.64256125155805 -0.00018110707382697783
0 0.00097167682030435719 0.031817483463720389 0.034071202257435262 9.9993853369882855e-06 3.8921730434739077e-07 6394056.8110233173 6559177.9625979885 392986170.73463142 24632978.352420215 2563682660.6977506 169934223.31481963 0 354.37617193626795 -0.00018110755078924317
0.016251026715353209 0.18947149635491795 0.037906473654186583 0.025147191252658255 9.8896333279238601e-06 9.050403114467828e-06 6493716.0815548319 68356740.492108673 425451905.29798627 20886103.288600404 2723269674.1910472 92927416.248399377 0 323.6425475188808 -0.00018123216068544374
0.0025687521739679539 0.022801799961976527 0.04126544543080124 0.053248198611350966 3.279411182361902e-07 2.9309595758375038e-06 6394274.3276074072 16805579.15436402 368183720.25094175 26775304.884327162 2468785727.3174987 178477406.76811755 0 354.37617240678668 -0.00018119076810328656
0.00080136032243240845 1.1404770142166676 0.0014142936535786179 0.025247177329408815 9.9981648734104648e-06 4.4517647897117664e-06 6599497.9794460852 64195218.568056442 386004282.02550739 11398894.790122412 2608701297.619348 73503200.558252856 0 293.40340774984992 -0.00018106534145368483
0.037439616062225456 0.25423563905748958 0.070933660744963475 0.11350362227046656 7.8703016640007885e-06 4.7760332120233348e-12 6686999.1966816764 84687150.080427766 174773550.5994525 38902015.607769661 456413108.56984174 256202049.76936433 0 273.39782776863927 -0.00018114852320368511
0.034493994286523492 0.18572867302656251 0.0019908528181382182 0.0048836518640996557 9.9888385342459811e-06 2.4397506805259174e-08 6731386.2070195749 54367866.638209552 46562749.094934642 37771802.30326888 319751642.82507533 259457408.88316721 0 262.23491472914907 -0.00018098185393572794
0.0027858384026752357 0.012442586800249705 0.020389099837431979 0.31854350443768298 3.3457808669961312e-07 9.9111402005015926e-06 6397015.0469776848 15000262.426418239 319904309.60918117 30945471.103154123 2161532987.8456693 207478222.87652969 0 354.37617062932475 -0.00018106585223955237
0.019755258917225654 0.16305296274074449 0.025197387446520753 5.1128407474237676e-05 9.5947378897416471e-06 4.5621487666863271e-07 6576531.910370674 61588919.262008175 373226054.96560639 40765450.626669027 1014010878.0540376 230824430.38558602 0 303.28979789691004 -0.00018119046043935219
0.0025797751607069355 0.00098953597887155298 0.66432390856982315 0.002856230147539357 3.4123628278580974e-07 4.2418180969392623e-06 6401498.1330766343 11600024.052037621 284898921.47513241 33969086.158230022 1926998954.3102374 229705790.9777208 0 354.37617174311936 -0.00018110750464133809
0.025585467392094517 2.5157011702613098e-06 0.27955401579407391 0.0067850134284425656 9.9931376326015969e-06 9.7974997085294142e-06 6477534.2914686482 18084243.003934022 66090091.280587591 53779434.032724187 453608278.86930346 369240024.6919086 0 354.2755037101291 -0.00018110735014868919
0.02843910807317216 0.1954096031603525 0.0022724678754623175 0.0070413539866898828 5.2480146761485716e-07 9.8523159348248984e-06 6725157.6341999732 56129463.965880916 154792584.81977758 37771795.406692103 428887794.59231198 248709072.12209058 0 263.12084431187492 -0.00018102355610115955
0.0048145441791344751 0 0.069184644121227754 0.40831240258908552 0 2.7163692083558462e-08 6422381.7982432786 12842061.992058083 219745562.26534623 42673814.555023335 1333393177.3547022 285446481.40675962 0 354.3761731947921 -0.00018123239939707415
0.0033613806184398538 0.021832200132087184 0.049179771270017401 0.36399956271558725 9.9458783925389733e-06 0 6395916.0551670287 18304641.801673498 331271620.56167126 29972253.659573164 2250622359.8486834 198950512.8832399 0 354.37617026165674 -0.0001810658293927718
0.016871392892295264 0.1837683707327713 0.068954968519292503 0.82942704615315888 2.7286574705077614e-07 2.3038920618392004e-07 6490982.3051369805 69523841.031689286 419700210.11849201 25107948.99500519 2430841298.2449141 119831178.21614522 0 323.6425502803674 -0.00018123215723030698
1.5418327234239906e-05 0 0.013276338861648529 0.074198428457182608 7.9053058883163716e-06 1.1275244385159088e-06 6394046.9866370056 6433184.9906332176 389031856.64984488 24974533.681964401 2538408048.2973852 172322868.45316195 0 354.37617258802709 -0.00018114918453119398
0.020049781983770755 0.18899227811265507 0.00045232823526369231 0.032322405309664098 1.874743820389373e-07 2.4521676041300575e-06 6597298.3373153787 65099387.489383206 386889549.24212688 37023568.911452144 1363095425.8157275 188646455.692123 0 294.15736063140713 -0.00018123212948083648
0.0016475733805219417 2.9022503806064651e-05 0.6693014624345438 0.0066518723910317379 3.4906398427031657e-08 9.9487997310964655e-06 6397293.9958681734 9926432.640329849 321186387.55815041 30834731.016273629 2138325185.4594316 209881509.67963475 0 354.37617263319959 -0.0001811491592806751
0.043526820983134144 0.28997695012895874 0.25810592695764201 0.047212205772622577 9.5893054093411112e-10 8.8033136044427516e-06 6594240.0409192406 110258013.99911655 200370986.39928234 42548754.36794249 508233509.37262797 279643694.20087123 0 301.94218557022828 -0.00018114841263424606
0.0025613016284866314 0.036336268066431893 0.28455914955743472 0.029360761497806129 1.1549606902035423e-07 1.5467664273111919e-07 6395395.1321977936 18937604.174943116 415229435.2718327 22711701.459649101 2772057745.3215189 149771383.2627914 0 354.37617320343327 -0.00018123240174470326
0.0034810504462818304 0.022684935640243074 0.061117171078720611 0.53262689132915497 3.3389055617795944e-07 9.6425626286244134e-06 6396032.0603493098 18731425.879412085 329845669.63063061 30133454.721644986 2241770478.6458745 199765954.18993551 0 354.37617028969487 -0.00018106582557953562
0.024952077369415966 0.25422115488746155 0.074497202297468604 0.10892118755410302 9.3837748943844306e-07 8.8430575913858787e-06 6528919.1806126367 93187323.542579457 398453001.9580428 33867785.174005955 1934652244.2258258 153811487.5533039 0 312.88514654167983 -0.00018123203365106
0.023909332537933925 0.26663095898962841 0.0078134081310578113 0.03016606625371341 4.8404364656611286e-06 9.9148583351505346e-06 6699365.1906088684 69573340.622281969 338968161.14528871 26575209.513279449 1896201383.4753828 112462844.23659778 0 266.63091157129054 -0.00018119033510605544
1.5687816011564486e-05 1.1404770142166676 0.0011659259591130164 0.033978401121607917 9.9084526846908045e-06 4.4345379236092031e-06 6573682.8400586806 64901437.490516409 407677086.9837411 10875321.774405364 2731622013.2416039 69487366.233282775 0 300.8585648701702 -0.00018106535706751537
0.019292887498819015 0.15247384468984759 0.0028707192354364662 0.0075648414068791043 8.8029777040864108e-06 9.9805961195777093e-06 6576308.6692459378 58279303.013229907 359354757.29758495 41159922.715007484 881619038.52352464 247683393.36122906 0 304.50526236132123 -0.00018123215938329159
0.016318162162770256 0.16218293248190913 0 0 1.0000000000000001e-05 1.0000000000000001e-05 6507741.4809895232 63422205.789401203 400947122.4299314 30989352.364337161 1954506847.0514758 160558037.08837622 0 318.67102466212623 -0.00018114880499686467
0.004172581556307061 0.00077594777099767795 0.34667862295636331 0.36228841887760893 3.6797937053302864e-06 9.8956670337374668e-06 6414443.4166843165 12958336.863966178 237434005.94415668 39962691.359425165 1518457799.7692814 268065306.75560585 0 354.37617125249903 -0.00018110747755773748
0.016197937943109059 0.20210558391021013 0.040716443028644467 0.81685785243299369 4.1365277450798901e-10 9.9115079043911985e-06 6496288.1707680337 69006725.202788621 444910245.34823859 14627780.278433856 2921990873.9829359 75110296.743733928 0 323.64255014262915 -0.00018119045443714155
0.0084301323703808561 0.00024774438386199193 0.039717808546936573 0.046417783651206718 1.9993569469948931e-07 4.3485240398783397e-06 6470099.0839471314 11162551.083792489 132780772.07993999 52871452.053937376 546053848.86436927 359829620.24870664 0 354.3761708402659 -0.00018119070804280561
0.0030282388931983373 0.036336268066431893 0.017056014135979763 0.1922895839809266 0 1.5467664273111919e-07 6394613.4092397932 20271394.139909793 397949640.62537205 24204253.628765207 2669822708.9213181 159397761.13238358 0 354.37617141536253 -0.00018114910788723893
0 0.013689717803915064 0.0053192715174620649 0.022074359274281814 8.6885993787718912e-07 9.8527894004119913e-06 6396002.2183157792 8364092.6868043384 435483035.84926105 20962283.39733804 2840209016.1428823 143764137.30900347 0 354.37617360660772 -0.00018123244096483651
0.035797290105020418 0.24499648258869039 0.055703633296798533 0.18396128128284311 9.7124497785451236e-06 6.8602425990855199e-09 6598064.9542588042 92532304.171116188 235194904.83350915 42303672.370396897 541362163.83926165 274526293.04852825 0 300.38403479267572 -0.00018114853393706604
0.017263040156265071 0.14178241436637545 0.011335815941250308 0.42213514090872339 9.4571517677198729e-06 3.1049248848989262e-07 6491538.0000264943 62328240.99800688 384830295.21598309 40924717.692027889 1353090384.7160563 229071069.88556552 0 328.11611483231184 -0.00018114881236153086
0.020781135162082579 0.16530029983917971 0.033436285928931386 0 7.180031213390253e-09 1.0901016933043847e-06 6587958.6034130389 61806565.467777714 348435579.34157801 41238176.344008647 842775634.69806099 244983350.72685382 0 301.1822795857471 -0.00018114875256972654
0.0032323990131758206 0.00012921453130142332 0.25386833925982699 0.8063994007372397 5.0652605753803519e-06 1.0000000000000001e-05 6406607.4995412463 12065081.317717412 257488512.85091147 36670196.990655564 1740666976.3593407 247216642.89986402 0 354.37617098821721 -0.00018106585516548034
0.057869832493929102 0.67014997957044975 0.032108210111874522 0.082780568633059409 8.2786976736271385e-06 3.8353654990395438e-06 6716700.7123524938 157180271.90363654 324070564.46402675 22730535.830055658 1998845990.2040789 100272954.11857432 0 262.23489229328459 -0.00018102232244593573
0.016829249358956515 0.17768954379042862 0.59052634910820512 0.027488850383027841 8.8230900954339464e-06 4.4282692655485896e-07 6490236.4094352257 68650964.388022572 398703462.4691757 26939800.873371471 2280643192.7763762 133824503.96626332 0 323.64257089811906 -0.00018106540108132533
0.023205801295206899 0.20414052515703529 0.0027012034064234497 0.00069986092034772865 8.9437767879190244e-06 1.2557078468017277e-07 6708463.1055988334 57776486.45629444 338163820.56125104 37199750.29660257 757699620.01483369 218522285.37410647 0 266.57616729215931 -0.00018110698715908082
0.035977251400806654 0.32188639644780503 0.014454063458304658 0.3955100062840996 1.7490628133326528e-07 9.6209287662496477e-06 6566806.8259606501 119027052.88940226 387131001.44834685 41907917.628677316 995698208.17623019 236166455.48346022 0 307.4866933126965 -0.00018119013722390107
0.0056448363038437786 0.00063735936544891125 0.04763413535178089 0.042919536295903421 5.957432479148258e-08 1.9218077255129284e-07 6432511.1090334579 13013420.384681264 202167170.85678482 45715948.489605404 1131460740.8384843 304378720.52862012 0 354.37617350504081 -0.0001812740327569974
0.018858502557903861 0.12802318079101649 0.022999529737386504 0.41449288760274938 0 4.9817387918178737e-06 6517750.0357989296 57094479.590748757 308132281.02403957 44993898.590366185 738916588.4732101 286212770.02313358 0 327.40384354608886 -0.00018119048674601854
