//NFE=100
//ElapsedTime=1076.892207
//SBX=0.166667
//DE=0.166667
//PCX=0.166667
//SPX=0.166667
//UNDX=0.166667
//UM=0.166667
//Improvements=15
//Restarts=0
//PopulationSize=100
//ArchiveSize=7
//MutationIndex=0
0.21676871348562854 0.4185224942440452 0.14426859727694388 0.39846550077164206 0.76943647809546356 0.096030851848430659 6147318.4530481454 336501603.38321984 70529518.083280459 56729612.438464321 482754095.35053176 388795936.63006538 0 195.43432385469407 0.22037573253673015
0.29312536686033136 0.61502116746618907 0.60836431957044734 0.75450684077909846 0.064366360908459486 0.28646442300790559 5599487.1672685593 261740009.2312035 72293497.659361079 58055775.374388978 496895380.76314473 399049603.48705578 0 132.85949810679688 0.22037564933976478
0.011305532537239029 4.8602389520640106 0.23504911112483803 0.6594829297763023 0.78265527584186179 0.045788368453688076 5601283.67374615 578078440.63330472 915970255.98363948 52236636.1993929 6260571189.627368 359810885.66925454 28824931230.506611 132.26906826909692 0.22037556809221304
0.10177331082564157 0.10673814921331083 0.22758631949023955 0.82040180052174294 0.82996053640496925 0.1511006993593417 7317240.1222163495 107333685.25480424 75233840.182991654 61163976.090853274 516716286.03229511 420176264.96367598 0 402.93213494338295 0.22037585716405411
0.45179632619297977 0.14658699746862683 0.29855352786801603 0.98499574279063284 0.092555120143237316 0.59577418155869799 5384741.3721708888 327923119.94449151 82355376.412309974 66354801.559448153 565730458.0203743 455847330.69909936 0 192.94261296609233 0.22037585815030508
0.10153982255178035 0.49098495521838426 0.42287869970846892 0.047284291136843223 0.31959354349402558 0.79105178448163249 7476059.2654150762 230540857.44038782 65682518.402280346 53286056.757824317 450925923.27674997 365890494.07659996 0 345.49543142738742 0.22037581609198048
0.00046841218147157044 4.1270901668181388 0.082444013581248934 0.34488096538579116 0.87087979257825754 0.95861590769109684 5871437.5983653143 724938610.13095367 3374334799.8706264 52236636.271392882 8883427095.8322144 338003615.35093176 34742158680.298264 163.62014550599551 0.22037565088257072
#
//NFE=200
//ElapsedTime=2215.611291
//SBX=0.166667
//DE=0.166667
//PCX=0.166667
//SPX=0.166667
//UNDX=0.166667
//UM=0.166667
//Improvements=25
//Restarts=0
//PopulationSize=100
//ArchiveSize=12
//MutationIndex=0
0.21676871348562854 0.4185224942440452 0.14426859727694388 0.39846550077164206 0.76943647809546356 0.096030851848430659 6147318.4530481454 336501603.38321984 70529518.083280459 56729612.438464321 482754095.35053176 388795936.63006538 0 195.43432385469407 0.22037573253673015
0.29312536686033136 0.61502116746618907 0.60836431957044734 0.75450684077909846 0.064366360908459486 0.28646442300790559 5599487.1672685593 261740009.2312035 72293497.659361079 58055775.374388978 496895380.76314473 399049603.48705578 0 132.85949810679688 0.22037564933976478
0.10153982255178035 0.49098495521838426 0.42287869970846892 0.047284291136843223 0.31959354349402558 0.79105178448163249 7476059.2654150762 230540857.44038782 65682518.402280346 53286056.757824317 450925923.27674997 365890494.07659996 0 345.49543142738742 0.22037581609198048
0.00046841218147157044 4.1270901668181388 0.082444013581248934 0.34488096538579116 0.87087979257825754 0.95861590769109684 5871437.5983653143 724938610.13095367 3374334799.8706264 52236636.271392882 8883427095.8322144 338003615.35093176 34742158680.298264 163.62014550599551 0.22037565088257072
0.35967465335495646 0.84425558937812584 0.13488709464084522 0.24845237756344779 0.78963113268595919 0.62312833048010441 7040914.991962133 458620308.81728888 68519149.711750448 55124055.027820602 461189100.13946557 373269339.52937245 0 296.68800624488955 0.22037581815713722
0.0094432848294832006 2.0481971318480086 0.63555596317992447 0.14550644907762914 0.17933616209294093 0.45063895533109061 5601283.6691460451 369121354.35378361 915970254.08363962 52236636.187392883 6260571126.9273682 359810885.27325451 28824930949.753475 132.2690675331969 0.22037565066824361
0.12234806342105103 0.038856575274573771 0.27460879722484594 0.68221303300983571 0.72409298241233755 0.89096479790540528 7317240.177624776 89332248.527874738 75233841.193331361 61163976.91196502 516716293.64877498 420176271.15335989 0 402.93214052288295 0.22037585702265128
0.37141926641841866 1.3751750628871784 0.73864338657321482 0.48833066259704777 0.8897087820548818 0.9937143074333934 7323132.665063953 664647700.65866482 66437886.765655488 53630125.229864538 454486135.53029549 368447158.37511647 0 328.38866133688811 0.22037581990024108
0.059069857597134512 0.40180619116914607 0.52440722671440043 0.0069163744353960208 0.0016562107488643869 0.27081469313027678 5384741.4406882674 167774902.09538606 82355375.883186772 66354801.090189643 565730452.48790717 455847325.9392457 0 192.94260245339234 0.22037581558537447
0.00036689394627858281 2.8902583413036211 0.26540333900260815 0.81462539960970759 0.0032543139539785481 0.66554643159395699 5569057.598447023 371532031.16314381 2129165547.3138332 52236636.379392914 7498465915.1786194 359900259.49425507 31482250317.007183 140.93671854369626 0.22037569216201405
0.22429982170562721 0.90802939047758224 0.066648841152584376 0.33695309593736966 0.22764146659235504 0.048888789734078758 5601946.7255066363 207593886.32036105 72293496.17355983 58055774.15572799 496229309.20877147 398499749.17837715 0 132.26907279599692 0.22037585974099169
0.068311978962345046 0 0.1882294475073529 0.55025515741441755 0.15693367555666102 0.079914218531901532 5300291.1860542353 99818431.62045911 92782379.27214022 74832627.776112303 637688960.13676834 514367699.92221463 0 224.41034448638993 0.22037585608257582
#
//NFE=300
//ElapsedTime=3247.239565
//SBX=0.166667
//DE=0.166667
//PCX=0.166667
//SPX=0.166667
//UNDX=0.166667
//UM=0.166667
//Improvements=50
//Restarts=0
//PopulationSize=100
//ArchiveSize=27
//MutationIndex=0
0.21676871348562854 0.4185224942440452 0.14426859727694388 0.39846550077164206 0.76943647809546356 0.096030851848430659 6147318.4530481454 336501603.38321984 70529518.083280459 56729612.438464321 482754095.35053176 388795936.63006538 0 195.43432385469407 0.22037573253673015
0.29312536686033136 0.61502116746618907 0.60836431957044734 0.75450684077909846 0.064366360908459486 0.28646442300790559 5599487.1672685593 261740009.2312035 72293497.659361079 58055775.374388978 496895380.76314473 399049603.48705578 0 132.85949810679688 0.22037564933976478
0.0094432848294832006 2.0481971318480086 0.63555596317992447 0.14550644907762914 0.17933616209294093 0.45063895533109061 5601283.6691460451 369121354.35378361 915970254.08363962 52236636.187392883 6260571126.9273682 359810885.27325451 28824930949.753475 132.2690675331969 0.22037565066824361
0.37141926641841866 1.3751750628871784 0.73864338657321482 0.48833066259704777 0.8897087820548818 0.9937143074333934 7323132.665063953 664647700.65866482 66437886.765655488 53630125.229864538 454486135.53029549 368447158.37511647 0 328.38866133688811 0.22037581990024108
0.059069857597134512 0.40180619116914607 0.52440722671440043 0.0069163744353960208 0.0016562107488643869 0.27081469313027678 5384741.4406882674 167774902.09538606 82355375.883186772 66354801.090189643 565730452.48790717 455847325.9392457 0 192.94260245339234 0.22037581558537447
0.068311978962345046 0 0.1882294475073529 0.55025515741441755 0.15693367555666102 0.079914218531901532 5300291.1860542353 99818431.62045911 92782379.27214022 74832627.776112303 637688960.13676834 514367699.92221463 0 224.41034448638993 0.22037585608257582
0.066980477068018407 0.61492786443966008 0.1882294475073529 0.55025515741441755 0.061314469551784843 0.29263761580444791 5601946.7440777086 200645554.27265668 72293496.387880534 58055774.329984568 496229312.43816859 398499751.80469489 0 132.26907518209691 0.22037564883250987
0.21676871348562854 0.4185224942440452 0.13462264453710676 0.39846550077164206 0.77574841156305341 0.086155324611369183 6074158.8473852277 340184520.67232716 70787167.568908468 56915272.748126693 484548165.77466899 390087901.66321516 0 187.02538660229445 0.22037581622449201
0 0 1 0 0 0.880232754212535 7118050.7450077813 7118050.7450077813 3482546829.3742995 46636909.489849389 24255704907.735165 322957240.64973068 118360462171.28787 437.63670302028038 0.22037577247583334
0.12234806342105103 0.038856575274573771 0.27544664504824345 0.034898408443145845 0.72409298241233755 0.89096479790540528 7317240.1986416522 87417437.355355084 75233841.284860581 61163976.982428379 516716293.96444422 420176271.38471532 0 402.93214046798295 0.22037585668015972
0.039306116621174066 0.0096580877435309409 0.27460879722484594 0.68221303300983571 0.030719238524157533 0.88330457709258292 7236171.0511687649 39014527.655442521 79553992.367763072 64665894.631370626 548294416.74292612 445792630.95720088 0 412.37809223858216 0.22037556463053204
0 2.8693769700228948 0 0.61081684651826307 1 1 7387487.2038042387 486969727.23160982 3628292804.0156078 30407177.544481218 23913214779.033012 210964913.14832777 116640416119.5006 342.07648479688743 0.2203757766415568
0 3.410153809715724 0 0.43647276787593436 1 0.47704405969254571 5871437.6109598763 608465314.53836405 3374334820.9422207 52236635.782137543 8883427202.6539192 338003614.85145617 34742159202.343292 163.6201467770955 0.22037573454805082
0.10153982255178035 0.49098495521838426 0.077850862889981567 0.8601666185679302 0.99892372940641916 0.79105178448163249 7381449.5188454464 259982010.54142505 70707975.817612082 57431048.328309603 486259153.90236169 395045318.75706935 0 376.35009108418501 0.22037577429902006
0.24049806293127765 0.25730551021869774 0.40544328766637389 0.034565041815106293 1 0.66543937283894861 7476059.2869634442 209130757.52008092 65682518.708452791 53286057.006762266 450925926.50960946 365890496.70568764 0 345.49543381348735 0.22037581589621774
0.002495481326395415 4.4365866290709661 0.64023248809576416 0.14562307535037761 0.6788636323392373 0.44266125060323203 5871437.5647458835 613648347.00411022 3374334562.4829736 52236636.487392917 8883426769.9508171 338003618.54963273 34742157854.42189 163.62014160349551 0.22037565126758862
0 2.5864295319217763 0 1 0.63704054626593121 0.62071729163875933 5864765.5158259179 527125962.27117544 3628292967.5470929 52236635.830137603 9137385431.1867161 338021949.19155276 35287317248.966721 165.39834434579535 0.22037573373021324
0 4.4975435872174439 0.60154051329189218 1 0 0 5569057.5839016167 290892222.87235403 2129165516.9138339 52236636.127392903 7498465787.8786182 359900258.69025517 31482249750.368458 140.93671704959627 0.22037560910379012
0 2.5967936247256351 0 0.61081684651826307 0.61491209229720978 1 7387487.2089816146 442793956.39964348 3628292968.3728108 30407177.721739437 23913214976.211536 210964915.56722948 116640416645.53665 342.07648649318742 0.22037581801433881
0.45758003092987443 1.3478113049213136 0.16304563931523297 0 1 0.91844753658615452 7240952.8508678358 627493573.59753275 67424012.750894561 54337966.076295763 456429246.89791965 369844065.89757574 0 319.14111124338854 0.22037582013379375
0 2.3582837187255774 0 0.70893273069868934 0.15391394052965163 0 5569057.5905590039 196603245.51037496 2129165549.2138331 52236636.379392907 7498465861.9786186 359900259.15825516 31482250053.882812 140.93671791929626 0.22037556557938268
0.10153982255178035 0.49098495521838426 0.077850862889981567 0.81896008749211102 0 0.79105178448163249 5396666.9798312318 331738714.39778227 81629739.891331404 65756297.373985171 561158802.79932833 452075399.33102262 0 188.96152057249265 0.22037581602230252
0.21676871348562854 0.4185224942440452 0.32659840987263938 0.39846550077164206 0.7890279160906124 0.086155324611369183 6710014.8975393251 314605346.6916306 69637975.324182749 55927147.861426182 469109942.57966012 378970647.7985481 0 259.40207227649125 0.22037581625517599
0 3.9076347666509221 1 0 0.035635144616053632 0.98896234771440672 5727028.2708640313 531992331.22783524 3638475065.906364 52236636.103392892 9023542486.3565941 347244492.4914757 34816003986.401108 159.16564762549541 0.22037560826764219
0 2.1240400552167706 1 0 0 0.85612552339261661 5727028.5904450491 391033295.37667978 3638477897.4924259 52236636.211392909 9023545562.93787 347244473.06801701 34816011287.651054 159.16568430899542 0.22037564918047547
0 0.73674955323920521 1 0 0 1 6468697.1595456004 233586305.5515337 3639537727.3778515 39010137.602020659 25471978987.226288 269241352.74394846 124687849354.85393 319.05293279998659 0.22037585782725863
0 1.1766691073726765 0.48412029541978241 0.34469549217980372 0 0.43487761259563218 5375710.8635681225 230063878.36251354 2153543637.1546507 52069082.304199353 14924642011.303696 359481984.92183638 71805579033.931656 192.9426210344923 0.22037581567648534
#
