0.30703603518359268 0.3388000038309954 0.45064935960123531 0.40340886577111873 0.27761917218510507 0.22596762660564101 4153857.8567628334 166355626.22687539 54412439.411630251 43577087.100677527 320920206.27392077 257028337.73582256 0 51.497756187723994 -0.00015551998138621336
0.029009597266327961 0.39501796974684528 0.24752955272503419 0.12973287204041445 0.20855728751247685 0.22822639828739372 3995519.0071151345 137955306.73574138 184535386.41104603 39154070.818027779 1043953054.1679678 230954499.84994239 0 94.072648208026251 -0.00015551998138621496
0.3571344525220651 0.20391419651077924 0.071115874934735673 0.46301002322300572 0.48070960258615891 0.44553540762177096 5263338.0066651907 177329808.48874432 48707669.020659089 39306259.061113909 286158560.92007482 231075988.00745279 0 166.97396848158834 -0.00015551998049109371
0.29915280519033616 0.11566776784967346 0.096470012817641254 0.061960461796717825 0.35131822476427027 0.42537365642501357 4328449.4303580746 185117555.84780142 52170055.593816295 41783179.624549836 307515547.14088726 246304607.95058256 0 57.999279294918047 -0.00015551998049109447
0.45582680065553327 0.3414372496403375 0.42621037164381947 0.23615166399072662 0.10109300436477479 0.085315017398752968 4153858.3137085242 81572318.273250788 54412413.841326527 43577066.986213729 320920082.83249277 257028239.5387792 0 51.497646405766041 -0.00015551998138621341
0.17398623613966308 0.10638379610757898 0.17927060327010011 0.0052103840292455593 0.28225500608846893 0.039566401285018399 4084979.8598827608 104954194.66593944 57623555.58588098 46229397.354689077 339789861.41040695 272622378.29641223 0 68.80787776562012 -0.00015551998317645481
0.15100879411935081 0.34105566361477963 0.23871365695696176 0.32797117096557543 0.092498426812816975 0.23976286471350186 4102944.5246435264 110919812.62427664 56866904.774980105 45604418.511896715 334676754.02515042 268396825.9464913 0 64.11642713233627 -0.00015551998049109404
0.023406495112787581 0.24821340833981834 0.27504637180246561 0.28461898578904082 0.47565889148406193 0.044634533940030849 3995570.3674818343 163756983.72007379 178305508.15226376 48954290.208688483 911140748.47793412 242553670.51348072 0 94.072660702572335 -0.00015551998496669478
0.18056465130778138 0.29649729393341051 0.43672152246272228 0.058758937301756568 0.42910979185931147 0.16568524371033658 4111777.0237141745 184246755.28625423 56455926.910014808 45264960.908085383 332211200.4982264 266359270.9989433 0 61.854373657777373 -0.00015551998228133392
0.054890694575125978 0.35759631901923483 0.41580880605983755 0.088474423295928736 0.11523023145627934 0.32015385707378247 3996462.3166883751 137998871.67276549 62302022.131792337 50093686.693153583 367331887.54705596 295383079.2097249 0 94.072644570947702 -0.00015551998138621447
0.43749097500403666 0.25501133775222379 0.32333874628491205 0.092427993098373518 0.044731325247495277 0.070095646909926007 4153858.3157907156 52617338.934865482 54412414.012518346 43577067.111042954 320920084.14911914 257028240.49586821 0 51.49764635312782 -0.00015551998138621395
0.00046841218147157044 0.41270901668181387 0.041222006790624467 0.17244048269289558 0.43543989628912877 0.47930795384554842 5581398.9657958923 28099348.637500696 471933596.96702915 9412693.4364995938 2618638541.4820027 53996468.841403663 0 274.84675468842448 -0.00015551998138621531
0.45179632619297977 0.014658699746862682 0.14927676393400802 0.49249787139531642 0.046277560071618658 0.297887090779349 4147940.3550791387 108843014.63816848 54715702.327711873 43827576.242644541 322453392.41148782 258295372.73073897 0 52.90398485576933 -0.00015551998138621387
0.26323072723188223 0.1285669339421594 0.35902117026481339 0.11893589378309806 0.24543654377233157 0.11821403473574063 3996462.3615472512 131612042.07977775 62301997.800710268 50093687.515944831 367331603.33614975 295383094.71496975 0 94.072631921046266 -0.0001555199813862143
0.15999054598156143 0.15099324452481075 0.16190715242687315 0.064345818144349809 0.12419695701082166 0.23693204373981153 4092803.4881251855 105917208.32223862 57369786.376926199 46019788.397153564 337542636.49483144 270765219.30954748 0 66.745364231632664 -0.00015551998138621487
0.10153982255178035 0.049098495521838426 0.21143934985423446 0.023642145568421612 0.15979677174701279 0.39552589224081625 3964622.7565932628 149628545.11994016 66242255.135289423 53299986.85538163 389235189.06066108 313211952.33852983 0 104.17075234366834 -0.00015551998317645519
0.44844726204137486 0.02983004390956602 0.38726617253554663 0.27372072189434449 0.48986459721109471 0.037034475369619783 4086401.8095797128 180872367.65203446 57562579.393364519 46179033.473538674 339366503.81447983 272272521.51657724 0 68.419533912044301 -0.00015551998138621382
0.12352253452956735 0.32792332019375714 0.16459074573698237 0.33944353993037796 0.30689120101902895 0.15961394381234748 4086987.9997613141 149773396.07375902 57562572.251878783 46179023.134265631 339198467.07103169 272133623.52517962 0 68.26515672166218 -0.00015551998138621428
0.057536833932981091 0.35294788164388108 0.074730332608970426 0.43892857733623325 0.062397808083891358 0.4220658123777401 3996462.3343176516 145666275.58409578 62302017.441906221 50093686.520187907 367331785.34893078 295383084.47998703 0 94.072639613371791 -0.00015551998228133441
0.043773970576881892 0.45600319908838793 0.19706931319019508 0.15087913073386977 0.12204748860608029 0.33126731143129695 4130569.6203067158 128368379.51456471 149543627.67235291 43137873.410067119 431355949.50308287 251702125.89374647 0 57.689989709338633 -0.00015551998138621439
0.31665719924882457 0.0084920544197065878 0.017041927789580524 0.35318009156109303 0.40418849731893008 0.44519404239142174 5767709.22244169 93627208.606976375 46698214.750126325 37883722.608679563 275550847.8119607 223595170.4673596 0 225.5070880087263 -0.00015551998049109452
0.17196074958703497 0.14746651929977037 0.10365102291192185 0.1505645570928614 0.3676421768887998 0.11638735155956526 4108256.2440203102 144770490.11449733 56629761.716226675 45408544.733597815 333191518.43114102 267169413.5464437 0 62.753658006950829 -0.00015551998138621482
0.097996932477223908 0.26485392271188413 0.13650263348512878 0.24513529200226425 0.0098021143371709897 5.898298697056784e-06 3996620.4423151948 37015600.290744394 62301997.105486982 50093683.219681732 367277754.33350593 295338563.34744614 0 94.023163595391281 -0.00015551998138621477
0.3817103436174128 0.077057759295463976 0.18274090350203703 0.087755039471144561 0.45487665896184665 0.32657280408930334 4328449.2646574238 197387069.36443007 52170055.583173439 41783179.951608203 307515547.45062327 246304610.1324209 0 57.999259605680834 -0.00015551998049109425
0.090169140158726166 0.34217311333449862 0.24064592545401442 0.10959098711833148 0.296875601354259 0.16654870255537069 4153858.1689623436 137266250.70421472 54412430.990817972 43577073.154511757 320920173.13141704 257028270.31315899 0 51.497683548543101 -0.00015551998138621441
0.05224409630807212 0.36224099280364835 0.22341625060034362 0.11308269496380415 0.36006588811522022 0.28741073812996287 4142958.1548122857 180831156.97847831 54954355.557774521 44024664.707577832 323760955.77754414 259375562.84755874 0 54.103069517281362 -0.00015551998049109452
0.23944724938819353 0.15861504714903771 0.36716048462948775 0.10981616589934942 0.020688833324399039 0.33945496702554051 3996462.3620817252 118798735.92358705 62301998.326866657 50093687.163967364 367331604.34461868 295383094.18307269 0 94.072631469268444 -0.0001555199813862143
0.33817310115279936 0.10975996745046228 0.081959721884215186 0.12916533116464626 0.0046589033456190731 0.14313872126935487 4153858.310955028 46871457.576371685 54412415.039895631 43577067.722185113 320920090.87513131 257028244.68284586 0 51.49764839902916 -0.00015551998228133452
0.18218448087158251 0.021129517238850128 0.41509107067601081 0.33293115821036767 0.093770262923503822 0.040407928880399076 3996462.2611710378 57423069.19942002 62302007.595218316 50093694.224241912 367331660.0552758 295383136.11660337 0 94.072663317598938 -0.0001555199804910955
0.44503650067957035 0.34311614717429412 0.27952887776296792 0.28175141657277741 0.47839950606655318 0.4107306290908555 4328449.1403490799 235252622.02853671 52170054.521882169 41783179.50893987 307515545.47857988 246304609.48460048 0 57.999243082039456 -0.00015551998138621341
0.068311978962345046 0.1941243753987654 0.094114723753676452 0.27512757870720878 0.078466837778330509 0.039957109265950766 3996462.289070758 55797036.236429363 62302013.08461678 50093691.063577987 367331688.97548902 295383116.94944507 0 94.072654060433365 -0.00015551998138621525
0.0094432848294832006 0.20481971318480086 0.31777798158996223 0.072753224538814568 0.089668081046470463 0.2253194776655453 3911091.7438197611 93403235.138494611 268698649.28482318 40597767.22974053 1510938550.7526619 239670199.33140641 0 121.04497092547626 -0.00015551998138621563
0.090158460566345244 0.485112697464673 0.011416032330928378 0.10702312751836682 0.43986763454504957 0.26941921859267615 4328449.154189026 173827160.37096834 52170064.666003339 41783179.767783001 307515603.31456709 246304608.79197654 0 57.999247769097238 -0.00015551998049109458
0.18746861540420648 0.24066773400191863 0.34068255763051158 0.098749397461942723 0.23420094378157541 0.43740654921564426 4088054.8484853059 189400102.76973236 57554377.337772898 46172256.827680297 338894510.17310691 271882434.08872426 0 67.985975490500067 -0.00015551998049109442
0.35967465335495646 0.084425558937812589 0.067443547320422612 0.1242261887817239 0.3948155663429796 0.3115641652400522 4328449.1048445534 174692837.11630183 52170055.895360135 41783180.466957763 307515555.77522999 246304616.63392454 0 57.999245220472019 -0.00015551998138621452
0.32648042771650487 0.43912181373199488 0.06075295085570611 0.31161562232571088 0.25826579408214095 0.49307639919991519 4154448.6756746676 198093099.24047166 54412414.468671687 43577066.769303046 320874286.44597119 256991600.43342 0 51.519898782665209 -0.00015551998228133395
0.31634952950206341 0.2796089138788192 0.08529785428785204 0.15539313670140531 0.292788282687028 0.47761368110720387 4328449.1116760522 185253394.29138434 52170055.576016985 41783180.034773327 307515553.47849947 246304613.4132359 0 57.999242823948052 -0.00015551998138621422
0.29456195498224391 0.10335270911533216 0.3983164758883222 0.066997316914377103 0.39056605854783349 0.29678381392657383 4000992.2418103293 210117920.86961704 62120414.077506438 49943703.087458298 365834105.18142062 294145529.79100639 0 92.698172693056932 -0.0001555199813862143
0.032491321683044389 0.44319840821977668 0.088594597086448831 0.0494482233304177 0.19121538782287748 0.36425244269525919 4149016.9859821051 142704358.15997672 75788418.281079471 43137872.887622267 370117451.25308037 253350447.13888317 0 52.668995973373001 -0.0001555199804910952
0.059069857597134512 0.040180619116914604 0.26220361335720022 0.0034581872176980104 0.00082810537443219346 0.13540734656513839 3915155.507242843 47717711.162921108 72224112.014147937 58167595.145092182 425826468.5052911 342996290.97209895 0 121.04497195350999 -0.00015551998138621569
0.19145568953628087 0.20005185627379732 0.11936073252450692 0.34622267292491687 0.21794910745647483 0.10112490635391438 4008756.0174005623 117926099.59952709 61791057.922383741 49671661.854401723 363334946.68829548 292080172.04564393 0 90.404654629939444 -0.00015551998228133438
0.49815215845549299 0.21208259410040514 0.22177811111830598 0.22900103852828058 0.048403098026384386 0.13586519847993395 4153858.3168338896 68330131.026283517 54412413.847461574 43577067.082285061 320920082.86914992 257028240.27425212 0 51.497646111358492 -0.0001555199813862139
0.11186518464513709 0.042635877160969164 0.16297721412567823 0.44710868979969731 0.06984976727279131 0.23455756291154714 3984354.0993176308 89059897.568550944 63798543.338847049 51311467.416523896 375507282.8604027 302037843.81949043 0 97.841890168751419 -0.00015551998138621547
0.21860192092568659 0.049012446671028727 0.19587483634144878 0.01235690049649144 0.46372633100574051 0.28363912291443888 5720616.9654069506 78521829.993031427 49218409.577749513 39965346.78957846 290007121.00251067 235541922.22002345 0 238.76742668915892 -0.00015551998138621487
0.37027192718122898 0.066726507518143977 0.18629221901909732 0.49916413496228962 0.07023597312398161 0.17901280119060836 3996462.3385139657 102888495.93821833 62301997.886570156 50093688.036511078 367331604.36373055 295383099.49370939 0 94.072637786101438 -0.00015551998228133389
0.043642269806853096 0.44843964859574093 0.033488734749492426 0.13666036763150718 0.24741673486945609 0.23022189439046706 4153854.3441694332 129320189.9728851 58851700.288029097 43137875.318618715 334451124.02927744 255661402.75506458 0 51.497657294465711 -0.00015551998049109496
0.28328909277526876 0.40097545911580684 0.18209870629527111 0.14816462694391716 0.065236684299362052 0.041710950443919502 4153858.316371588 47421183.481951006 54412414.705120288 43577067.179960854 320920088.42995751 257028240.71400043 0 51.497646314212822 -0.00015551998228133408
0.48273550055053444 0.067014997957044978 0.43096309758978035 0.3333548464191507 0.15011357915357537 0.44137879855497247 4140907.6595226186 176089375.54640061 55049853.373823129 44103577.648093738 324301852.96138895 259822954.66910779 0 54.599609374704848 -0.00015551998049109377
0.031024335425119925 0.28483267763742076 0.26094255323078075 0.37450137603434303 0.07385198156671878 0.49652134126436925 3996186.9176762425 157041105.98480931 162387947.4405776 49279173.696565479 480495135.75661492 283398386.073084 0 94.072652702724113 -0.00015551998138621498
0.28476322728320103 0.070464823993496795 0.050559840176850522 0.10931594625797959 0.4764509381438724 0.13895602760346515 4168995.9248815719 169929492.61994737 54412412.61297556 43577065.597823791 319754775.27047777 256095990.86690444 0 52.063882174424428 -0.00015551998228133484
0.043606106551272353 0.23575483279669537 0.47611441835204943 0.43879199876421876 0.38291287116774192 0.11397939201304209 3996462.2928111255 155048715.70061952 62302022.109281011 50093688.841517769 367331790.25909603 295383103.76408851 0 94.072654243555533 -0.00015551998317645498
0.30821771926903579 0.14140372633501042 0.17400789195066502 0.41006071584067788 0.050214787025520298 0.3837521007246692 4087016.016054349 132066990.35395408 57562567.494259782 46179023.071615919 339190447.59027684 272127018.21412885 0 68.2578128435633 -0.00015551998228133392
0.16514687168861725 0.14798366783323394 0.16202194261299294 0.081208266793835568 0.13211889751908582 0.23797219498941763 4086753.3244782127 109374105.68376628 57562571.753731035 46179025.875444777 339265577.80305827 272189100.59990764 0 68.326809928162277 -0.00015551998228133476
0.47746878837738221 0.36573355238505095 0.43946071597258102 0.2377679087259352 0.10205532473038112 0.08854544483586399 4153858.315080897 83388737.880665943 54412414.370856516 43577067.172683023 320920082.66382825 257028239.41042918 0 51.497646209709501 -0.00015551998049109344
0.16240551201040077 0.3309107084672685 0.038400956462663699 0.24439947188251587 0.4018021783100304 0.29430466904130403 4215736.2761080088 184830562.75700229 53863894.453282103 43138249.826325074 316153180.76625144 253214705.03948271 0 53.810965916507072 -0.00015551998138621458
0.027914449046332074 0.49080044961958758 0.4095033492967729 0.17134159527532056 0.29303310194484788 0 3995518.9971448593 111921754.73937526 184535431.88376465 39154069.540581159 1043953186.8539181 230954489.78723413 0 94.072650559515466 -0.0001555199813862149
0.33817310115279936 0.30958264176956907 0.081959721884215186 0.0084435861810211992 0.0046589033456190731 0.14313872126935487 4153858.3248166414 43170263.705603272 54412416.262654491 43577068.324266449 320920092.47921157 257028245.55266428 0 51.497645955152237 -0.00015551998138621477
0.05224409630807212 0.36224099280364835 0.22341625060034362 0.11308269496380415 0.47453951124906063 0.28741073812996287 5766403.9683945924 100532073.12512785 129062198.82372652 37771798.51894173 358253192.97991228 214109256.77052155 0 224.66655847711422 -0.00015551998138621436
0.014494999431654578 0.42616433730026809 0.45702506961697364 0.059561318964595281 0.14589098413612017 0.068816641128812139 3982937.6261921665 77141883.951339588 225485088.85163674 39477287.095067613 1107050687.8726454 232185856.50151736 0 98.075282727692354 -0.00015551998317645514
0.46108191436181822 0.12303912491142729 0.39030180938781744 0.42339036926240436 0.20775559595966608 0.45856207037776758 4153857.9415317229 195688192.47960538 54412433.914827839 43577083.268064313 320920180.78266144 257028320.5062142 0 51.497736652172435 -0.00015551998138621352
0.10153982255178035 0.049098495521838426 0.21143934985423446 0.32991717810042137 0.15979677174701279 0.39552589224081625 3964622.3072116207 149628590.27809203 66242244.915634342 53299978.541446 389235512.39066136 313212214.23310721 0 104.17090109593323 -0.00015551998228133533
0.05224409630807212 0.36224099280364835 0.22341625060034362 0.11308269496380415 0.17250110445835187 0.28741073812996287 4142958.92212854 130105633.31858206 54954366.701771803 44024673.908442318 323760659.4136194 259375404.64581382 0 54.10288209546237 -0.00015551998317645433
0.16768238860361334 0.41273262687323908 0.098029476613278849 0.20130318931799923 0.24593574105434488 0.49398890265589324 4173915.2845395617 190410301.63293916 54379699.251544781 43550892.815390378 319376631.89016843 255793466.50827277 0 52.2473908473183 -0.00015551998138621452
0.3571344525220651 0.29286365939603737 0.071115874934735673 0.46301002322300572 0.48070960258615891 0.44553540762177096 4328449.2681408264 238572354.55894509 52170055.001439281 41783179.299545087 307515544.19246668 246304606.42000812 0 57.999256593815709 -0.0001555199804910936
0.19200723029021341 0.24356785783161591 0.025789326528503867 0.24912576464682951 0.47870456077593948 0.4130306179665566 5770273.3406045623 103775498.14522287 46562715.453253098 37771801.757036611 274814879.3663311 222986959.08863944 0 224.83220875425266 -0.00015551998049109409
0.023406495112787581 0.24821340833981834 0.27504637180246561 0.34799487163498877 0.47565889148406193 0.044634533940030849 3995570.3340164106 163756990.14111415 178305508.66954207 48954290.177916989 911130755.85540318 242554638.98126677 0 94.072661592440767 -0.00015551998407157489
0.31665719924882457 0.38199118382343816 0.28223814984835643 0.35318009156109303 0.40418849731893008 0.44519404239142174 4153858.3945842627 238673968.20514405 54412414.801937655 43577066.9245487 320920082.59769249 257028235.86209235 0 51.497651557785289 -0.00015551998049109368
0.43749097500403666 0.25501133775222379 0.30145133724469958 0.092427993098373518 0.044731325247495277 0.070095646909926007 4153858.3163968287 51612276.55104275 54412414.020917736 43577067.119633831 320920084.21246958 257028240.56041706 0 51.497646265450157 -0.00015551998138621395
0.10153982255178035 0.049098495521838426 0.40226114329468954 0.023642145568421612 0.092325299650506412 0.48138750216024639 3964622.3347948953 149972010.58810475 66242241.434260271 53299975.709007792 389235494.63992435 313212199.7878933 0 104.17089312171279 -0.00015551998228133533
0.20501904590172204 0.19468125018633001 0.21798421610565488 0.11955931389694086 0.44024822475394426 0.45570432009541062 5770273.3320374461 102874264.38892817 46562715.860126562 37771802.396816947 274814881.70906788 222986962.81491879 0 224.83221258298164 -0.00015551998049109442
0.19145568953628087 0.18493387049178917 0.11936073252450692 0.34622267292491687 0.32008202660830737 0.10112490635391438 3996462.3767288374 145590399.12189245 62301998.499214262 50093686.648609504 367331602.89037538 295383090.24426508 0 94.07262717251453 -0.00015551998228133441
0.28328909277526876 0.0051695705636333605 0.18209870629527111 0.14816462694391716 0.065236684299362052 0.041710950443919502 3996462.3350503203 58525772.857736945 62301998.911444001 50093688.591255866 367331610.89715099 295383103.21165586 0 94.072639028450482 -0.0001555199831764546
0.00046841218147157044 0.26949686889292135 0.041222006790624467 0.17244048269289558 0.43543989628912877 0.47930795384554842 5559997.7985947803 22814844.266594455 473110442.44319439 10385216.283282235 2625253574.6257801 59463198.478825808 0 280.91601888453221 -0.00015551998138621536
0.30341196183660346 0.25186765514124831 0.46456950483018755 0.32802589419950401 0.33774333746119944 0.044014512920755547 3996497.6138338204 154123950.6491642 62301994.933308825 50093684.801740617 367319385.85700202 295372999.48645937 0 94.061436993600864 -0.00015551998138621374
0.032491321683044389 0.44319840821977668 0.088594597086448831 0.14892490665636141 0.19121538782287748 0.36425244269525919 4127508.0949708978 148755619.32833219 162387932.1713632 43130319.953318976 456933337.40778798 250079421.85395333 0 58.577889951286124 -0.00015551998138621487
0.43142498876699831 0.45617361423936059 0.099480732600083749 0.0075815503968814273 0.3171454009872734 0.33974849079729719 4300305.4162427634 161375012.45483702 52509268.586402886 42054550.774475545 309663861.73053741 248023262.91692567 0 56.95740983253728 -0.0001555199822813343
0.36948572445416022 0.40097545911580684 0.18209870629527111 0.14816462694391716 0.065236684299362052 0.041710950443919502 4153858.319065304 47814079.386826798 54412414.215169564 43577067.116299763 320920084.83955759 257028240.23812497 0 51.497645591358051 -0.00015551998228133395
0.48273550055053444 0.067014997957044978 0.43096309758978035 0.3333548464191507 0.15011357915357537 0.3390785699801237 4140907.9710416207 153939531.17962566 55049846.63021525 44103572.077755816 324301770.8899982 259822886.82560766 0 54.599533396935072 -0.00015551998049109377
0.31834089763423912 0.33892102803544166 0.44954359006358857 0.45038394873272253 0.18684415348964839 0.48814925551138566 4143528.3654981554 201315418.90528452 54923819.176723465 43999475.500038408 323609767.61751318 259251007.8115384 0 53.964793933383049 -0.0001555199813862133
0.10177331082564157 0.010673814921331083 0.11379315974511978 0.41020090026087147 0.14617431039134374 0.07555034967967085 3915155.5621590689 76968823.783838302 72224097.947544351 58167587.978326574 425826395.1467334 342996257.47561145 0 121.04495164162418 -0.00015551998317645525
0.00036689394627858281 0.28902583413036209 0.13270166950130408 0.4073126998048538 0.001627156976989274 0.38001527715940386 3911091.693969558 93777980.387467146 268698766.8259629 40597766.369460419 1510938977.5185518 239670194.94448829 0 121.04498953374461 -0.00015551998138621601
0.029009597266327961 0.39501796974684528 0.24752955272503419 0.12973287204041445 0.41883676031577327 0.22822639828739372 4254637.5866799178 178749451.59908223 387484130.77409333 38633152.327247448 1280933356.5092387 200954584.03732142 0 124.10037781814857 -0.00015551998138621487
0.029009597266327961 0.39501796974684528 0.24752955272503419 0.12973287204041445 0.26490776049087472 0.22822639828739372 3995519.0087109911 153194856.65055218 184535386.63856992 39154070.784647681 1043953055.7844861 230954499.66354537 0 94.072648395336927 -0.00015551998138621496
0.43183342784918693 0.34311614717429412 0.27952887776296792 0.28175141657277741 0.47839950606655318 0.4107306290908555 4328449.1426474936 235192440.45219427 52170054.550315507 41783179.504620373 307515545.70429194 246304609.45538867 0 57.999243383954706 -0.00015551998138621341
0.45242989283344476 0.4451695580373447 0.038512719338413492 0.0043114033770541207 0.41205342216697832 0.28361774149435054 4328449.0833125003 168172869.20196229 52170056.45164369 41783180.816344149 307515552.26930898 246304614.95361543 0 57.999239148595066 -0.0001555199804910942
0.24158964253533391 0.40437302037709694 0.025789326528503867 0.24912576464682951 0.47870456077593948 0.4130306179665566 4328449.2621212695 219383036.88917118 52170055.982511915 41783179.207115278 307515550.03506643 246304605.90805018 0 57.999255366228994 -0.00015551998049109377
0.33817310115279936 0.10975996745046228 0.40673933071241231 0.12916533116464626 0.0046589033456190731 0.14313872126935487 4087269.0800950686 68008902.147281334 57562562.758354798 46179019.330081448 339118281.36910909 272067377.19216549 0 68.1915150538088 -0.00015551998138621398
0.21860192092568659 0.049012446671028727 0.19587483634144878 0.055046958861650654 0.46372633100574051 0.28363912291443888 5680800.4291309211 83611111.763261512 51472794.645082228 41827419.450587161 303461694.08239305 246660892.47519854 0 251.10981599599552 -0.00015551998228133471
0.20792529713546981 0.057439745417199969 0.17445862471928322 0.38906254546927815 0.19973347876214737 0.30263044645605386 3996462.2995345467 148213453.71153533 62302003.267072894 50093690.9948171 367331634.86038101 295383117.3347972 0 94.072652659265529 -0.00015551998049109512
0.12882914164309137 0.3998836036538434 0.036183184603271815 0.097711824718330009 0.0013207118029987235 0.15082429935010716 4153858.3149423795 44495412.06342034 54412419.83047685 43577068.20293168 320920114.95558256 257028245.38217208 0 51.497648511227354 -0.00015551998049109501
0.05224409630807212 0.36224099280364835 0.22341625060034362 0.22157471108286983 0.36006588811522022 0.28741073812996287 3996513.6447120877 197251725.64287364 63017902.364350192 50093682.149138138 369305978.14045936 295144636.38270384 0 94.045349562553909 -0.00015551998228133441
0.038808473860567544 0.26563208812513206 0.19549901333998401 0.20649379368556983 0.081987048169129301 0.49758010532184971 3996426.6637363546 158634464.15610442 63026196.778964937 50093686.311426826 369344099.02685422 295168352.80938524 0 94.072651177718427 -0.00015551998138621498
0.054890694575125978 0.35759631901923483 0.41580880605983755 0.088474423295928736 0.11523023145627934 0.34564248724971958 3996462.3162968084 143517611.78432676 62302022.131102577 50093686.692659944 367331880.92854977 295383079.42140311 0 94.072644480577054 -0.00015551998228133441
0.45110186083500781 0.13697603813767806 0.46456950483018755 0.44985524237851038 0.33774333746119944 0.044014512920755547 3998847.367764907 159137494.0984104 62211956.124055982 50019315.396872289 366536075.24805021 294725656.28073251 0 93.342444260675904 -0.00015551998138621336
0.00046841218147157044 0.39798232421697638 0.20584025529814889 0.17244048269289558 0.43543989628912877 0.47930795384554842 5559997.8654187741 30454990.214885585 473110435.17693818 10385211.966772534 2625253546.527051 59463171.127916448 0 280.91599814609111 -0.00015551998228133498
0.29456195498224391 0.10335270911533216 0.17576095279673137 0.066997316914377103 0.39056605854783349 0.29678381392657383 4172510.8477668641 184983619.12673956 54395303.759096317 43563378.105477862 319484760.53662717 255879978.30819178 0 52.194980618594769 -0.0001555199804910948
0.0036018523395997129 0.43912181373199488 0.06075295085570611 0.31161562232571088 0.25826579408214095 0.49307639919991519 5566954.1263684314 39453629.121036097 472476401.13511729 9846951.4491555113 2619775882.859128 54906393.800454885 0 274.29446244294587 -0.00015551998138621512
0.0060400152593012933 0.15861504714903771 0.36716048462948775 0.2777285152761565 0.020688833324399039 0.33945496702554051 3911091.6988663473 94169195.079792798 268698710.29744893 40597767.59047059 1510938800.143487 239670204.88447893 0 121.04498595877969 -0.00015551998228133571
0.097996932477223908 0.21427452790417581 0.13650263348512878 0.24513529200226425 0.0098021143371709897 5.898298697056784e-06 3996462.3092656685 33042349.19439609 62302006.671729341 50093689.665562384 367331655.00869513 295383109.54283261 0 94.072647553481914 -0.00015551998049109504
0.3571344525220651 0.20391419651077924 0.071115874934735673 0.46301002322300572 0.48056117048965796 0.44553540762177096 5256859.7022925597 177734398.76402321 48733965.582611002 39325071.084905602 286304965.26381874 231180385.14043981 0 166.22713310717495 -0.00015551998049109371
0.043773970576881892 0.45600319908838793 0.21552332437492985 0.15087913073386977 0.038925431444990784 0.4300833092839651 4127569.3431072938 128415593.23669839 162387898.57614478 43137872.666131414 444200279.26155794 251218093.5342257 0 58.564385662581557 -0.00015551998138621439
0.21602741703764242 0.20937232654759946 0.14351415532722933 0.38216751997409565 0.0962566235326828 0.12768415644012487 4045297.8199132532 90157729.401180819 59866162.244538136 48081740.323032029 351863877.18740618 282600387.84500968 0 79.881839763319363 -0.0001555199813862143
0.023829778661911789 0.44068120604862487 0.42997811500215394 0.37323195519233865 0.081916424814126559 0.14672356183797203 3995518.9851718349 82712038.515589178 184535442.31058699 39154069.194531322 1043953237.2619321 230954489.86656892 0 94.072653309179742 -0.00015551998317645492
0.30821771926903579 0.14140372633501042 0.15793717318632108 0.41006071584067788 0.050214787025520298 0.3837521007246692 4111938.2986379433 129110642.91227555 56449121.703620873 45259341.572457612 332166587.57189626 266322410.22880495 0 61.81344892957712 -0.00015551998138621401
0.18746861540420648 0.24066773400191863 0.34068255763051158 0.098749397461942723 0.30074629380850731 0.43740654921564426 4088054.3606956177 207396826.22498214 57554369.026359849 46172249.966936283 338894649.62877703 271882550.92832333 0 67.986107521522797 -0.00015551998228133419
0.44448280950181251 0.088428164852882768 0.085485624751422004 0.27957253886376798 0.47975157643196908 0.21842392608952335 4156367.1404519454 197583881.16700655 54412413.633463666 43577066.83894065 320725689.49931777 256872725.02208787 0 51.592110285594103 -0.00015551998138621425
0.17398623613966308 0.10638379610757898 0.16032179821290118 0.0052103840292455593 0.22482157888003196 0.039566401285018399 4101089.0078900345 87288975.991890401 56959234.673211187 45680682.191263333 335199430.15285617 268828779.02632201 0 64.595915159535991 -0.0001555199822813349
0.029009597266327961 0.19768919392900755 0.24752955272503419 0.12973287204041445 0.20855728751247685 0.22822639828739372 3996399.8861727715 128247724.10512687 65056908.656904034 50093688.199645221 371374907.01407456 294951660.32488465 0 94.072666032740727 -0.00015551998138621539
0.011305532537239029 0.4860238952064011 0.32890160529150197 0.32974146488815115 0.42650634665659309 0.022894184226844038 3981171.4034860595 141547886.60287413 233252991.90287182 39628879.853893101 1116262381.0216656 232364538.39471328 0 98.652402626108994 -0.0001555199822813353
0.40470488274113853 0.42616433730026809 0.45702506961697364 0.059561318964595281 0.14589098413612017 0.021696401765033697 4153858.3166256715 74910800.782032162 54412413.939249225 43577066.96127256 320920083.60021126 257028239.3443059 0 51.497645876232717 -0.00015551998138621352
0.18056465130778138 0.29649729393341051 0.43672152246272228 0.10904518738599615 0.42910979185931147 0.16568524371033658 4034350.4805818694 192963581.42273003 60433137.565670632 48550048.590476453 355260826.44047356 285407650.76898932 0 82.998029636475991 -0.00015551998049109404
0.20121722172508416 0.072957452752850357 0.14581315106381967 0.018253646795231303 0.18346136824308462 0.06284789160425959 4109769.3455533003 80150980.407074586 56558828.424128391 45349956.000046708 332770192.81395388 266821228.03811091 0 62.367116965142671 -0.00015551998049109507
0.24158964253533391 0.34681848537801263 0.025789326528503867 0.15734166329664684 0.47870456077593948 0.4130306179665566 4328449.5687170718 215043549.07540768 52170054.95322217 41783178.478131123 307515543.01067734 246304600.95566487 0 57.999291304389232 -0.00015551998049109385
0.46108191436181822 0.47706842305536112 0.32475558338331889 0.42339036926240436 0.20775559595966608 0.31524942019378055 4153858.3175684819 162962107.86982819 54412413.684313931 43577066.859622613 320920081.63182425 257028238.56590238 0 51.49764568588742 -0.00015551998138621325
0.067803717583372197 0.21667188643866031 0.30674650329322239 0.13862007324086037 0.25082695396869137 0.15462813879238166 3996462.2951370217 128967781.73884326 62302013.044411249 50093690.34719494 367331692.93721724 295383113.57035303 0 94.072653214107476 -0.00015551998049109536
0.47454330755270629 0.40260092632439942 0.31307723869408416 0.11713195443552266 0.47806133212942198 0.23830103355885973 4153858.3401310556 207381931.05686787 54412413.562589422 43577066.810078844 320920079.98476946 257028237.93549493 0 51.497646008259906 -0.00015551998228133365
0.059069857597134512 0.49105144602828171 0.26220361335720022 0.49755228916126126 0.00082810537443219346 0.13540734656513839 3996299.5804195879 78664319.955378085 162387923.46379569 50093681.575894229 468705841.27813715 284564721.2980963 0 94.072639300410543 -0.00015551998317645373
0.31935161930028155 0.27711290248761278 0.080239166645489371 0.15539313670140531 0.24242574232454078 0.5 4328448.9806969063 176965786.32426426 52170058.7222168 41783182.170324802 307515565.04931611 246304622.4537302 0 57.999237565887285 -0.00015551998049109455
0.5 0.025806153574689832 0 0.26034725961685778 0.36935321429808166 0.29751650671175905 4153858.6583916303 180415822.23544151 54412414.417948864 43577067.318844229 320920060.69057888 257028222.47349817 0 51.497659977035042 -0.00015551998049109466
0.24696628826365974 0.2950914336478947 0.016920500652868056 0.27198756953498465 0.5 0.40053029184102673 5736118.1734623332 127725872.28032222 46666780.447626449 37846248.806018107 275567049.94290948 223523268.47478923 0 220.99240066660565 -0.00015551998138621376
0.0053171715528542995 0.39072777027986993 0.14957722920427435 0.44643008465008094 0.0085150815877058639 0.39927828327444492 3911091.7344377823 108306998.85367653 268698724.31670624 40597765.54835055 1510938741.9589148 239670189.74539423 0 121.04497535447416 -0.00015551998138621569
0.37576071053644661 0.47380332054426039 0.4308332181570963 0.098414346730976224 0.01875200274371356 0.093307504917799378 4153858.3164694472 56304020.875642374 54412414.022947073 43577066.947970308 320920084.25399178 257028239.24115002 0 51.497645845209846 -0.00015551998138621352
0.48150027164282755 0.49386413508467591 0.33179616733772926 0.43965867010048559 0.20403060781792387 0.47645200658233233 4153858.319351675 197935296.90934059 54412413.599352777 43577066.825982906 320920080.97618985 257028238.30757821 0 51.497645582092986 -0.00015551998138621314
0.43249100542446545 0.34544942830451891 0.099480732600083749 0.0075815503968814273 0.44992453370940044 0.24616793944643994 4328449.0886941636 173226237.75575379 52170056.517103381 41783180.821134336 307515551.47805625 246304614.39033723 0 57.999239741718156 -0.00015551998138621411
0.16844985103737786 0.24821340833981834 0.27504637180246561 0.15357272807824723 0.47565889148406193 0.044634533940030849 4086636.6590876733 168666107.68135324 57562574.041418873 46179026.69740475 339298979.19174349 272216704.11043251 0 68.357495270161181 -0.00015551998228133419
0.016186124354302334 0 0.2078675945763665 0.061291303000085451 0.16938668993688874 0.19281524478273324 3915155.4644418531 93987467.4228957 72224146.934469834 58167598.039854936 425826675.90187752 342996306.19420624 0 121.0449914035823 -0.0001555199804910965
0.22104447620394443 0.22757952599685338 0.30311711095973382 0.26557236306093229 0 0.21851422553050667 3997110.7131410623 90609222.182580158 62286461.69233682 50080853.962270409 367113049.04783767 295202472.93203914 0 93.871963639449746 -0.00015551998317645389
0.30817807382474738 0.12974641669513795 0.092466710235819247 0.13913839217623694 0.019219924791608611 0.087198876093166719 4153858.3069668142 39484327.476982623 54412415.234236456 43577067.767941743 320920093.55494815 257028245.53897604 0 51.497649508696668 -0.0001555199813862146
0.31090444506730125 0.11659308197030496 0.08392937966972569 0.13238221130648584 0.0054172720032087968 0.085810394916656207 4153858.3070042669 34773840.34032353 54412415.276350558 43577067.816226065 320920093.87724662 257028245.9101162 0 51.497649578803305 -0.00015551998138621463
0.24697946893495726 0.25760790087466595 0.25745020484861669 0.45611607693940287 0.16749506510599307 0.081530266949101177 3996502.6651619179 111188937.97760321 62301995.413640447 50093684.733615153 367317644.49419755 295371559.13764244 0 94.059839431944454 -0.00015551998317645373
0 0.32057969313067447 0.25795889229125479 0 0.14053067468275918 0.21961495730597927 3911091.6929716263 96889268.256221741 268698766.67061412 40597766.257913269 1510938986.7191007 239670194.26510474 0 121.04498958440769 -0.00015551998228133587
0.48378664794695575 0.39223464987165663 0.06723895017716304 0.28907861419543768 0.5 0.19788095487426124 4173641.4131832207 198208016.23571545 54382908.866387554 43553462.81593813 319397716.3912555 255810347.2192784 0 52.237156860018111 -0.00015551998228133381
0.10675551651349521 0.33785765392154737 0.15315595446274288 0.31674243068729357 0.336264664676858 0.17683865516909208 4103668.1652419986 158597733.3401857 56835799.655859977 45578723.713788815 334473939.02880394 268229204.08333492 0 63.930313802163518 -0.00015551998228133419
0.18056465130778138 0.29649729393341051 0.43672152246272228 0.10904518738599615 0.42910979185931147 0.12048356913041407 4034350.1801135126 183176646.40590543 60433164.655677758 48550071.876790047 355260917.27045906 285407727.60674119 0 82.998114883704517 -0.00015551998228133387
0.04986112435064545 0.23476259912109124 0.47062530460272001 0.43053450095465773 0.38127347077838941 0.1175556081697627 3996462.295000772 155907458.20716012 62302016.120170958 50093689.258450709 367331738.97029877 295383108.88204706 0 94.072654170502531 -0.00015551998228133511
0.045998246228953606 0.24852754449092251 0.43392653394811609 0.41156435167185057 0.35255223776464772 0.12778996025939368 3996462.2953614993 151067247.48166847 62302029.428707175 50093688.762819149 367331787.08848822 295383102.31164622 0 94.072653129949344 -0.00015551998228133506
0 0.34271796602819066 0.11476052252453761 0.34348305218002828 0.02518455930893293 0.0080401972001369407 3911091.686502683 20397670.803558446 268698751.71114081 40597766.307858676 1510938980.0551586 239670194.53733391 0 121.04498859947587 -0.00015551998228133582
0.032491321683044389 0.4625889581390612 0.18514177865715642 0.048623404458501072 0.099799772400815973 0.36425244269525919 4125552.0458823522 124919750.42989185 162387941.48020852 42869078.784659445 464410680.41543031 249818178.06014982 0 59.044753584040066 -0.00015551998317645465
0.32129184820016798 0.057976215352923133 0.25724021316396339 0.08755297158431441 0.1737426214831197 0.081752411097202493 4153858.1799512319 85556028.246321142 54412422.590094231 43577073.448226579 320920125.02069449 257028271.90568775 0 51.497680251540544 -0.00015551998138621444
0.015702557534914011 0.24576598703567948 0.27866089738322924 0.28179029419326751 0.4856869995698026 0.031962413844304038 4575907.6079952 121013836.062004 399056504.28232652 38633151.667213164 1618778680.2965031 163505137.07364434 0 162.43440586491326 -0.00015551998138621544
0.060107992278765086 0.44088234878378646 0.047538599403715132 0.17103597403256404 0.22699457369795334 0.25183800340953327 4153856.3522637067 130525598.41531858 58582187.452747636 43577066.756339416 326167303.60854244 256468282.0132347 0 51.497652875206583 -0.00015551998138621466
0.12352253452956735 0.47718143543491126 0.16459074573698237 0.33944353993037796 0.31471184134597779 0.15961394381234748 4153858.2982736598 146207559.37759733 54412420.695040911 43577067.657095127 320920120.13642395 257028242.17180169 0 51.497651577429835 -0.00015551998049109409
0.33142498976011936 0.13601582649593649 0.059207044528750877 0.076472030297171117 0.33348038033203747 0.42773363314063834 4328449.1764784791 179965227.7640059 52170056.352086559 41783180.344081677 307515551.97320688 246304612.42313743 0 57.999249601869884 -0.00015551998049109436
0.19450328430077946 0.29649729393341051 0.43672152246272228 0.10904518738599615 0.4380369196996981 0.16568524371033658 4088896.1130706021 190660695.83440691 57531846.604752347 46153646.96549277 338654486.02125293 271684071.12167692 0 67.765588697032811 -0.00015551998138621395
0.12352253452956735 0.32792332019375714 0.16459074573698237 0.25802310841577664 0.30689120101902895 0.15961394381234748 4153858.1783486851 140542460.69637352 54412426.77318418 43577073.056457825 320920148.16504389 257028269.79410261 0 51.497681063339662 -0.00015551998138621436
0.0070368078941605017 0.29338718620875093 0.18875828797210048 0.30569656843413223 0.003973791006576799 0.39139828751319516 3911091.7322755465 105252212.92948338 268698720.98289907 40597766.033305824 1510938723.835804 239670192.50630215 0 121.04497577330207 -0.00015551998138621574
0.31025798509624347 0.12156364253692487 0.15048675334004546 0.35416151493051856 0.32202467053742312 0.20892163861439628 4147950.735221833 158869352.27543089 54714994.397639491 43826990.949504144 322450689.91458231 258293136.26096684 0 52.901503344705475 -0.00015551998138621406
0.14553056404944067 0.5 0.16518996792865004 0 0.5 0.18358398604393669 4328449.0895196898 175829304.10805893 52170057.958398059 41783180.134627968 307515572.08476627 246304614.05443639 0 57.999242120523427 -0.00015551998138621439
0.40126747407436836 0.5 0.27648029318335532 0.28661338110100809 0.33666594042279757 0.46392165836004018 4153858.3367066067 222577318.6370447 54412413.709849581 43577066.765084654 320920081.08599377 257028237.62815076 0 51.497646149571921 -0.00015551998228133343
0.035965293649382689 0.40260749326917034 0.098029476613278849 0.12934540729042798 0.16343843055969068 0.49586447316199223 4136670.2829333674 168658457.08748057 124015528.82814069 43137872.355529889 414853051.48728108 251834614.96473253 0 55.952132012727553 -0.00015551998138621482
0.5 0.22900118725897695 0.10080239718824936 0.1325055564512993 0.40797495906138292 0.37356338092301894 4328449.1267562993 193614454.30155829 52170054.643504441 41783179.721761651 307515546.37067819 246304611.09272325 0 57.999241737140693 -0.00015551998138621382
0.45582680065553327 0.39972512572895236 0.42621037164381947 0.23615166399072662 0.0054687811396482711 0.085315017398752968 4153858.3152926238 55927749.795385987 54412414.42531769 43577067.161965087 320920082.98696083 257028239.34722149 0 51.497646107637564 -0.00015551998049109344
0.12882914164309137 0.34159572756518658 0.3526319324394297 0.097711824718330009 0.23368986697877814 0.15082429935010716 4146654.6762139001 122361746.13260861 54780667.078264654 43881231.511473276 322789582.10647762 258573177.92847806 0 53.212318676615048 -0.00015551998138621409
0.015702557534914011 0.24576598703567948 0.27866089738322924 0.28179029419326751 0.4856869995698026 0.46299461321043656 5569729.6710046194 60211314.6417339 459137208.82912552 10133537.88137001 2566202585.3476572 58371140.725730732 0 277.57221939794488 -0.00015551998138621536
0.16851756978896482 0.37938793583960928 0.14590342043213345 0.24233431143280348 0.38240965208848932 0.38782441340312246 4323331.7047117623 197004511.25389212 52170064.717086576 41783186.025751151 307904745.28490359 246615956.56202844 0 57.81003329241517 -0.00015551998138621425
0.36661934951409264 0.099217885958112151 0.17496389861778119 0.49557960985250771 0.061954404191386876 0.17702616128977944 4045932.3521913779 97402132.759425282 59830087.222271554 48051944.313884735 351667502.15733141 282438109.22791696 0 79.701731887388718 -0.00015551998138621393
0.028592380611257812 0.31230991789526752 0.19138330100586606 0.40851666575472939 0.0058117956889394192 0.16012874432961538 3995567.7593000121 66682090.817771092 179786751.70176634 48316271.848712064 931847906.68357849 240637663.11854064 0 94.07265102657567 -0.00015551998407157462
0.085926415549298307 0.20069344002399597 0.25011484091487035 0.33099933600274195 0.29413754227074473 0.058168065046244 3996462.2950626225 120291228.54751284 62302009.181135848 50093690.63260249 367331666.80200696 295383114.58994985 0 94.072652599295878 -0.00015551998138621514
0.032491321683044389 0.46646501839271826 0.14484253912185427 0.048623404458501072 0.099799772400815973 0.35951177402952555 4132066.6989324223 121547724.93182504 143199771.42388484 43137870.321920775 437528953.97777689 250810072.53305468 0 57.258127144641605 -0.00015551998138621487
0 0.29949872814833367 0.088817335612524695 0.17256073509198305 0.079852260483051996 0 3911091.6887719091 32440651.471601591 268698752.44745934 40597766.38162636 1510938969.5389471 239670195.6007773 0 121.04498860731738 -0.00015551998138621601
0.023406495112787581 0.24793048186995431 0.45417228766849155 0.28461898578904082 0.47565889148406193 0.044634533940030849 3995564.5580265173 163749702.15563461 177861308.37456122 48976394.884816095 908457562.69397008 242807349.52822435 0 94.07266518108969 -0.00015551998228133517
0.46108191436181822 0.47706842305536112 0.32475558338331889 0.42339036926240436 0.088017481050458146 0.31524942019378055 4153858.3168562627 130579859.92557417 54412413.690986142 43577066.864945345 320920081.6825251 257028238.60633385 0 51.497645654414718 -0.00015551998138621325
0.023955862145483925 0.24915517581067825 0.38565512585087708 0.22314291505841427 0.2761913794863548 0.081427320952875887 3995482.6196102481 118106734.91843395 172877281.79173464 49204549.36074964 833864644.70671058 249788967.3534283 0 94.072660694586347 -0.0001555199822813352
0.31993579910512321 0.13473245039835532 0.15420164358508506 0.40811087235772697 0.26377743309163604 0.28161842596722553 4141328.8535515661 161748855.21988925 55032068.451399282 44088887.121957593 324190702.65816092 259731095.93428025 0 54.497635177623259 -0.00015551998138621398
0.015702557534914011 0.011944608550997493 0.14681796724306312 0.28381023055937266 0.4856869995698026 0.031962413844304038 5552446.7503255829 15486213.047190489 66090160.658983797 53779425.297093436 391227060.96784103 317339798.4455775 0 303.81043023919102 -0.00015551998049109604
0.097996932477223908 0.06765297697103885 0.21181381952758269 0.24513529200226425 0.0098021143371709897 5.898298697056784e-06 3996461.8499067081 21479032.144904397 62302059.548639804 50093733.830696583 367331960.75740314 295383365.15131634 0 94.072793786043775 -0.00015551998049109561
0.23956313388919609 0.15861504714903771 0.36613942610565997 0.047808668747214296 0.020688833324399039 0.33945496702554051 4078219.6982124005 110388854.44633488 58019610.24425187 46556529.701159231 341818070.8159678 274298492.79854167 0 70.667830594949294 -0.0001555199813862143
0.36234439149553527 0.11122679666411756 0.16073562010674169 0.2939068173975467 0.047704810171319362 0.034111725523628234 4153858.2879721439 44702121.353367567 54412416.444352977 43577068.55356203 320920094.65381938 257028247.37050861 0 51.497653605541828 -0.00015551998049109431
0.023406495112787581 0.23955964684648662 0.45417228766849155 0.28461898578904082 0.47336890210452259 0.044634533940030849 3995570.541719438 162733558.07607645 172877259.19763073 49258763.894079693 738190235.01535821 258705632.76426426 0 94.072664128855749 -0.00015551998228133522
0.310417467861973 0.20279570485577281 0.32250299736231025 0.42716009169409686 0.35606037962184961 0.10622609193462534 3996462.3857394047 169359769.30797091 62301996.430433519 50093686.583906636 367331590.31485069 295383086.07059163 0 94.072623770011234 -0.00015551998228133371
0.38292303457641796 0.12890901894173101 0.5 0.2540167653309251 0.18408481074605754 0.18000850091149007 3996462.3493152596 140023423.82243222 62301997.300899439 50093687.571364701 367331599.90481836 295383095.8675108 0 94.072634460134935 -0.00015551998228133368
0.16768238860361334 0.063217566246915977 0.098029476613278849 0.20130318931799923 0.16343843055969068 0 3996462.2881312734 69429442.390142813 62302003.082481049 50093691.057247862 367331645.08491254 295383122.84579229 0 94.072654567697072 -0.00015551998138621528
0.30745904953336139 0.13704699691636352 0.40932792547132074 0.15498723634805128 0.012432466976622555 0.15490766913984058 4000646.8578687445 81077526.051363811 62135671.815157957 49956305.693292215 365946620.74488294 294238514.87195307 0 92.801425098024325 -0.00015551998138621395
0.27452857549055382 0.39548803076799438 0 0.23121418813061484 0.5 0.42388459773006182 4328449.2866412923 224650765.247087 52170055.402375698 41783179.063693866 307515546.61292696 246304605.07012936 0 57.999257587148264 -0.0001555199804910936
0.14846792671720244 0.1197589905228939 0.12315380319403196 0.08100222570449378 0.33919022076147987 0.13328387103274819 3999077.4023608975 148154618.69527355 62207306.56323985 50015472.425277933 366461104.16875648 294663683.67791158 0 93.273584921975896 -0.00015551998138621525
0.17263783966817259 0.11723525894791405 0.17620751908565199 0.019243817879379874 0.28037750325224475 0.051863473891832816 4086811.4654938122 107462971.64663088 57562574.435828991 46179027.393685348 339248946.19633591 272175355.77629 0 68.311531103861412 -0.00015551998138621493
0.065469790971627417 0.4229843968770905 0.06806155074679883 0.1765622557651973 0.21902781719539577 0.25270749240577978 4153858.2947500423 129594604.59154798 54412432.063693516 43577067.380324535 320920202.21636415 257028238.94852376 0 51.497653746100667 -0.00015551998049109474
0.21698186789645707 0.26323585596840215 0.33326404922461028 0.23783397823423424 0.5 0.066037366031854616 4086401.514699718 185891926.10819483 57562585.564263739 46179037.077372842 339366601.84163904 272272593.45704049 0 68.419614407099374 -0.00015551998049109404
0.33088521343714722 0.31067754582915419 0 0 0.44165512158950987 0.5 4328449.3411175068 214839579.73708335 52170054.69997637 41783178.933574408 307515542.40490049 246304604.26349384 0 57.999263660756355 -0.0001555199804910936
0.21453004871069858 0.057841524467173291 0.19762228219858322 0.021107248162145601 0.46134877524184154 0.28757541306226791 5716822.581432078 80031232.429511011 49425477.075878844 40136379.887453876 291233963.44879949 236555793.71781123 0 239.89284752405919 -0.00015551998049109496
0.083824335130860544 0.32090750131719342 0.19868836357205269 0.13334710657290644 0.34157987194571632 0.28589964734359741 4147671.7438469213 174647203.59815323 54729469.76437825 43838939.191300608 322523651.153714 258353385.4831672 0 52.968374378280124 -0.00015551998138621447
0.097814368432672258 0.25553149209481718 0.14154818105983849 0.24142627464100716 0.0045726264559612737 0 3996462.345676343 34862851.095008358 62302004.85094884 50093687.737203874 367331643.81670296 295383097.74322343 0 94.072636521644171 -0.0001555199804910949
0.17942154574660155 0.28902583413036209 0.0020185985674715306 0.29006327346201599 0.001627156976989274 0.040599624286545358 4153858.3015338276 26041739.601895325 54412418.093061939 43577068.240723386 320920104.52820379 257028245.63353908 0 51.497650875597422 -0.00015551998049109471
0.023955862145483925 0.24915517581067825 0.38453852161141017 0.15402688590902111 0.2761913794863548 0.43088818328834899 5566201.3721045414 80540806.757178932 416632929.58211195 28130498.912848245 1991409749.825134 109444510.78459406 0 276.83810410569549 -0.00015551998049109539
0.31038927771111835 0.12303912491142729 0.39030180938781744 0.080869936465321396 0.0016698510837164365 0.44594704818918623 4122876.464335721 126917507.01737766 55938846.061060108 44837865.702840663 329155343.69089532 263833885.52656597 0 59.050822027947426 -0.00015551998228133398
0.043773970576881892 0.45600319908838793 0.2166399254639966 0.21999515988326682 0.038925431444990784 0.080607479438664642 4124362.0666674217 55267884.475761518 162387938.481013 42984994.313793525 456546224.90739125 250786852.42572948 0 59.335333461140948 -0.00015551998228133422
0.4804873355851712 0.39548803076799438 0 0.23121418813061484 0.5 0.42388459773006182 4328449.173061437 225589560.95504966 52170054.674370497 41783179.413120285 307515542.26050824 246304607.07144639 0 57.999243830598814 -0.00015551998049109328
0 0.29949872814833367 0.47212875610499849 0.38643881571163397 0.17561652527088684 0.36220595353800011 5068972.056253897 53413013.999519527 482344836.76321799 18202810.490006715 2683990043.3043075 106767943.27156997 0 254.82681511020564 -0.00015551998049109583
0.19828093300999164 0.28284640442180597 0.061501205098233466 0.49508442240652734 0.049985572125293677 0.34101437261351719 4153858.0751544014 114504325.78199162 54412428.987283669 43577077.398351818 320920160.23954064 257028292.65323907 0 51.497705328685505 -0.00015551998049109409
0.032491321683044389 0.46646501839271826 0.14484253912185427 0.048623404458501072 0.36885479462073528 0.36090940129033044 5080341.9246652499 130411228.23215577 338471110.02815783 40399194.031030111 1159983039.6256058 151053384.60941184 0 152.06748349368243 -0.0001555199804910948
0.029009597266327961 0.39501796974684528 0.24752955272503419 0.23127204604243676 0.41883676031577327 0.22822639828739372 4254637.5773325292 178749452.44764638 387484131.70407969 38633151.951857157 1280933390.8086772 200954583.08691967 0 124.10037977252564 -0.00015551998138621487
0 0.29949872814833367 0.088817335612524695 0.17256073509198305 0.079852260483051996 0.40559684948660357 3911091.822677684 120259553.92469187 268698764.55647057 40597764.669034235 1510939089.1701221 239670180.58420768 0 121.04500330142224 -0.00015551998049109618
0.12681443363586778 0.10724646856711396 0.4308332181570963 0.23641979455398857 0.048259550949619048 0.093307504917799378 3996462.2759274598 57995621.83927907 62302007.624227509 50093692.73008734 367331657.23949146 295383126.2935499 0 94.072658093379644 -0.00015551998138621531
0.33358959651868547 0.46791758166344782 0.27952887776296792 0.28175141657277741 0.42942964842762554 0.4107306290908555 4255876.6214948976 228319903.74619523 53217789.477940425 42621366.760886706 313065627.19954318 250744672.58657825 0 55.308101832120983 -0.00015551998138621352
0.26496351609587754 0.30958264176956907 0.46976558746997399 0.0084435861810211992 0.07115149453076336 0.14313872126935487 4153858.2966828435 78626887.509279668 54412416.567824893 43577068.009079032 320920095.48790848 257028244.24513325 0 51.497651287304642 -0.00015551998049109398
0.3908894187516741 0.10335270911533216 0.17576095279673137 0.0092344761381937361 0.39056605854783349 0.29678381392657383 4328448.8084345497 171841682.30828896 52170060.544074282 41783183.946605302 307515577.71021891 246304634.47454929 0 57.999232172438909 -0.00015551998049109469
0.032491321683044389 0.44319840821977668 0.088594597086448831 0.14892490665636141 0.19121538782287748 0.13427253617771728 4127508.0848198873 98960891.691122442 162387931.50913677 43130318.351598568 456933354.90239096 250079420.77411342 0 58.577890576791027 -0.00015551998228133474
0.00046841218147157044 0.41270901668181387 0.094071927269471792 0.17244048269289558 0.43543989628912877 0.47930795384554842 5581398.9552200176 28445237.427443337 471933598.40026331 9412693.5515744239 2618638557.3503494 53996468.726013064 0 274.84675737973066 -0.00015551998228130728
0.021791815995655911 0.46740989921787052 0.47611441835204943 0.43879199876421876 0.38291287116774192 0.44968513398191079 5571864.2067094054 88419570.763660669 459137229.13691759 10133530.326292166 2554630221.6538363 58145266.167959526 0 276.83809665906097 -0.00015551998138621458
0.097996932477223908 0.098559348866939386 0.13650263348512878 0.24513529200226425 0.0098021143371709897 5.898298697056784e-06 3996462.2251818259 23916437.36119055 62302015.30372607 50093697.622011244 367331704.91605258 295383155.6964072 0 94.072674950948425 -0.00015551998049109555
0.37027192718122898 0.066726507518143977 0.18629221901909732 0.49916413496228962 0.39866901268220251 0.4957233488084104 5668397.1336379023 140217799.48281354 52231009.813892916 42453688.674110614 308057611.87640142 250459007.19329107 0 255.32602549009002 -0.00015551998138621387
0.21797865180251622 0.19768919392900755 0.041653452217963863 0.12973287204041445 0.48089810634984126 0.22822639828739372 4328449.2646557037 178047872.41961145 52170057.379654504 41783180.302019596 307515557.94780624 246304612.1197722 0 57.9992619010441 -0.00015551998049109452
0.20792529713546981 0.057439745417199969 0.49663923890251649 0.29951688235148716 0.14746513477234754 0.30263044645605386 3996462.295078909 134077884.16352484 62302003.41733937 50093691.118214734 367331635.7495501 295383118.06526566 0 94.072653244015882 -0.00015551998049109512
0.26736134855713728 0.11859151293025154 0.0696277986442735 0.42339036926240436 0.20775559595966608 0.45856207037776758 4029190.8500028937 191419822.07252198 60712006.60312406 48780389.588483907 356874282.23660934 286741029.69260436 0 84.478043304798035 -0.00015551998049109447
0.19145568953628087 0.20005185627379732 0.11936073252450692 0.23832527972718823 0.21794910745647483 0.072703666769131939 4153858.0467852959 94704535.89193061 54412430.881600693 43577078.987996459 320920169.72532856 257028300.63902998 0 51.49771261757347 -0.00015551998049109452
0.47462427277924124 0.3998836036538434 0.3526319324394297 0.097711824718330009 0.14444132816149885 0.15082429935010716 4153858.3195936433 99308676.136805624 54412413.750321455 43577066.958569266 320920082.12611151 257028239.31650433 0 51.497645402518017 -0.0001555199813862136
0.22104447620394443 0.22757952599685338 0.30311711095973382 0.26557236306093229 0.48740960785360299 0.21851422553050667 3997110.6855143569 222425389.02777982 62286470.968719952 50080861.630158156 367113067.05662709 295202485.75931013 0 93.871979297266947 -0.00015551998049109409
0.19145568953628087 0.20005185627379732 0.11936073252450692 0.34622267292491687 0.48033918172128948 0.10112490635391438 4008756.1290742503 188887456.62230986 61791000.715789564 49671613.804778725 363334911.58208388 292080143.04544938 0 90.404624198759834 -0.00015551998228133441
0.4075971916102798 0.011944608550997493 0.34591612600393501 0.28381023055937266 0.030521229033014092 0.031962413844304038 3996462.3364665839 59604958.880490065 62301998.203177422 50093688.064299308 367331604.16457963 295383100.04772949 0 94.072638168746252 -0.00015551998228133392
0.29766411993132535 0.13697603813767806 0.46456950483018755 0.44985524237851038 0.015366751471386931 0.044014512920755547 3996462.3108423846 57325351.65638034 62302000.285868712 50093689.257807955 367331615.4693743 295383106.62951946 0 94.072645679825072 -0.00015551998228133398
0.18746861540420648 0.24066773400191863 0.091488602941736719 0.098749397461942723 0.30074629380850731 0.43740654921564426 4328449.1791557278 176340371.08269954 52170058.578476526 41783180.787305914 307515564.91962779 246304614.88259929 0 57.999254167340858 -0.00015551998049109474
0.043773970576881892 0.45600319908838793 0.21552332437492985 0.31743823185503439 0.038925431444990784 0.4300833092839651 4064915.0925074695 139810299.40745956 172877255.59533951 44604255.778936513 656958641.27994537 247027009.8680158 0 74.662336641883456 -0.00015551998228133403
0.43986502230164248 0.44068120604862487 0.42997811500215394 0.37323195519233865 0.081916424814126559 0.07839836799036673 4153858.31337426 80401649.49153991 54412414.488320529 43577067.151440814 320920083.3563664 257028239.2851316 0 51.497646439749808 -0.00015551998049109322
0.12882914164309137 0.34159572756518658 0.3526319324394297 0.097711824718330009 0.45111597188541575 0.15082429935010716 4146654.3295092187 181162990.2440486 54780670.499612562 43881234.339198522 322789672.49558294 258573252.53138244 0 53.212402145287776 -0.00015551998138621411
0.043773970576881892 0.45600319908838793 0.056888981619125457 0.15087913073386977 0.12204748860608029 0.33126731143129695 4153852.498284284 118928890.39901246 58963041.621851891 43137874.861843556 340394061.06585991 255130008.90553817 0 51.497658686907798 -0.00015551998138621471
0.24433104900192987 0.23954964708592158 0.00046891777411665306 0.20322878314257339 0.5 0.42251913953233083 5770273.3418684956 111021064.85735762 46562714.256935038 37771801.51086171 274814872.31553292 222986957.63516623 0 224.83220688080368 -0.00015551998049109393
0.0248941038793172 0.0060598286814195637 0.088594597086448831 0.0019818053119773525 0.19121538782287748 0.36425244269525919 5551326.2131234184 17272683.037861094 66090101.982635081 53779430.634394534 390028550.53837729 317469945.02095163 0 303.67893071362874 -0.00015551997851127341
0 0.34271796602819066 0.45572833040629707 0.26774466428154725 0.29795761820812655 0.29342848290536283 5471997.7068450302 30304669.040621907 473545963.76066494 10702634.466090411 2627340549.7719221 60958129.646574736 0 270.64118722947876 -0.00015551998138621544
0.158893927619535 0.23296164773240724 0.11476052252453761 0.34348305218002828 0.02518455930893293 0.0080401972001369407 4002170.5373001141 45743526.689578801 62066165.529145539 49898893.044799924 365451032.43659908 293828941.1576035 0 92.346614641085466 -0.00015551998228133438
0.029009597266327961 0.19768919392900755 0.24752955272503419 0.029431631911879318 0.20855728751247685 0.30296375993708236 3996399.8892395105 144429690.27899072 65057217.768415831 50093688.117718451 371375215.47400415 294951626.6834237 0 94.072665910814436 -0.00015551998138621539
0.15999054598156143 0.15099324452481075 0.16190715242687315 0.064345818144349809 0.074709388212000349 0.40833201734543129 4092803.4932709611 129644811.44286093 57369817.563834779 46019814.157441251 337542636.32813537 270765219.10856116 0 66.745363513051601 -0.00015551998138621487
0.054890694575125978 0.35759631901923483 0.41580880605983755 0.088474423295928736 0.064972932465600999 0.47181814919966697 3996462.317985225 157245182.30595273 62302031.705625929 50093686.107059695 367331890.14039826 295383078.9333874 0 94.072644689097245 -0.00015551998138621444
0.38292303457641796 0.12890901894173101 0.39521834251825194 0.2540167653309251 0.39847015994565332 0.18000850091149007 4140815.0304230149 181886817.18443525 55054934.369145297 44107774.140339896 324326474.25681758 259843300.25439644 0 54.622184784263339 -0.00015551998138621379
0.0053171715528542995 0.045146605825318632 0.14957722920427435 0.36639962679855514 0.0085150815877058639 0.39927828327444492 3910501.5211480851 99532492.762138009 219865694.67210409 54357363.515183121 816633958.11611736 304323443.68293929 0 121.04499045611809 -0.00015551998228133587
0.18056465130778138 0.29649729393341051 0.43672152246272228 0.10904518738599615 0.36765930635567273 0.16568524371033658 4034349.8467822741 176344833.82040325 60433165.017708346 48550072.175661124 355261018.47094631 285407812.04308206 0 82.998208800929973 -0.00015551998317645384
0.060107992278765086 0.20153923092911469 0.047538599403715132 0.13416791966514846 0.43588697489720929 0.097089023468338198 3996513.6864991938 164613391.32416853 62302010.713069811 50093686.616629988 367313994.32338643 295368486.11221677 0 94.05642495276939 -0.00015551998317645503
0.040670612603582117 0.34177245731506789 0.35548004626334906 0.063605775471107365 0.16285777697859091 0.14775258932878832 3996299.5651645875 111351074.09238319 162387920.45914364 50093673.381816261 468706020.79362643 284564711.55055362 0 94.072644387393552 -0.00015551998317645449
0.20501904590172204 0.33293271060868462 0.21798421610565488 0.32320803807191739 0.44024822475394426 0.45570432009541062 5604385.1556466557 147373540.29955122 47251424.241059743 38264490.016594857 278496268.38401341 225612107.18322903 0 206.05535941946508 -0.00015551998138621376
0.099497013632091 0.24821340833981834 0.22986594348444275 0.15357272807824723 0.47565889148406193 0.36442751248004557 5645534.7511330517 101958957.63627945 53795161.11580611 43745636.973722488 316954783.2112031 257811646.36080003 0 263.48692000627705 -0.00015551998138621447
0.054890694575125978 0.35759631901923483 0.41580880605983755 0.2361400963822706 0.059553928919963986 0.34564248724971958 3996462.3084542449 128460387.00160426 62302022.443134375 50093686.950205415 367331889.99415195 295383081.2312485 0 94.072646771189895 -0.00015551998138621447
0.016097377174556577 0.11365894811303107 0.37648807521362043 0.14326862088125963 0.12708087664262413 0.078409208468722458 3914168.2349450616 72438872.975641191 147085992.95444402 58167550.795856737 502184213.90857083 334847545.67807233 0 121.04493659728992 -0.00015551998049109572
0.20205253413926172 0.10335270911533216 0.17576095279673137 0.066997316914377103 0.39056605854783349 0.29678381392657383 4697719.007446222 152116938.66993904 55284316.158493474 44513165.960960284 320701320.58030635 258383805.26063007 0 132.89041327598096 -0.00015551998049109496
0.46108191436181822 0.49828951433261148 0.32475558338331889 0.42339036926240436 0.20775559595966608 0.31524942019378055 4153858.3179303436 163040843.75099188 54412413.669517927 43577066.846830465 320920081.5187614 257028238.46704692 0 51.497645585681745 -0.00015551998138621319
0.032491321683044389 0.4625889581390612 0.25384491792736691 0.048623404458501072 0.099799772400815973 0.36425244269525919 4073067.3215425685 132806428.30464578 171798159.97668639 42319030.509404354 684531992.20299375 242386927.59579554 0 72.628361211853388 -0.00015551998407157443
0.043606106551272353 0.38731301864313733 0.47611441835204943 0.43879199876421876 0.38291287116774192 0.11397939201304209 3996299.5537786484 167231679.54529861 162387936.61048412 50093655.496339276 468706305.52864552 284564685.7191515 0 94.072647345322935 -0.0001555199831764543
0.04526676448184689 0.4625889581390612 0.48932164872282224 0.048623404458501072 0.31013630931501657 0.36425244269525919 4005432.9817195027 206324569.08638728 172877279.9027485 48488229.575346969 692131669.9601922 260074898.1368984 0 91.249974535639396 -0.00015551998317645392
0.47917663026116242 0.32792332019375714 0.16459074573698237 0.33944353993037796 0.30689120101902895 0.15961394381234748 4153858.3195066219 145159857.66547722 54412413.76943431 43577066.983771957 320920081.58431536 257028239.27822679 0 51.497645597933953 -0.00015551998228133357
0.12352253452956735 0.32792332019375714 0.16459074573698237 0.33944353993037796 0.35601538148615869 0.15961394381234748 4086988.0395934125 163058646.81803161 57562570.160249606 46179022.935945876 339198452.91642845 272133614.05491209 0 68.265146188215468 -0.00015551998228133417
0.34410875834154636 0.1179286018366042 0.34402863555270286 0.2810531432696276 0.16434903854139826 0.45563488662141255 4008852.2048912202 188491811.48630649 61782318.275850654 49664444.125716686 363303728.45925575 292054381.20989382 0 90.376050674421336 -0.00015551998228133387
0.062102790936385932 0.28902583413036209 0.0020185985674715306 0.29006327346201599 0.001627156976989274 0.040599624286545358 4109547.4615809591 29745812.120289199 56567150.312462427 45356820.86926093 332831650.99026656 266871949.96582636 0 62.423451319649693 -0.00015551998228133474
0.014494999431654578 0.42616433730026809 0.0027034055680742967 0.059561318964595281 0.14589098413612017 0.068816641128812139 3987599.4190545459 76658795.845267534 225484906.24485046 39477284.199027151 1083189770.0817826 232899956.90911308 0 96.722812292718487 -0.00015551998317645514
0.12110987692631546 0.0051695705636333605 0.18209870629527111 0.22284023014894691 0.065236684299362052 0.041710950443919502 3916080.3859566031 49969223.472166285 72156653.54042688 58112707.310408875 425082955.17872775 342391110.51243043 0 120.70185643277117 -0.00015551998138621547
0.48055683413533418 0.49386413508467591 0.33179616733772926 0.20865997898128349 0.20403060781792387 0.47645200658233233 4153858.3231538874 189430190.06292075 54412413.618091784 43577066.853817135 320920080.47627169 257028238.32400224 0 51.497645196017871 -0.00015551998228133333
0.05224409630807212 0.36224099280364835 0.31794303441837968 0.11308269496380415 0.22709178580601974 0.28741073812996287 3996426.8531391881 161298559.54194337 63017860.685496345 50093683.025904149 369335694.00663722 295169222.99353695 0 94.072629249883107 -0.00015551998138621444
0.0053171715528542995 0.018087502456756194 0.14957722920427435 0.07915815386901566 0.10152754818590534 0.2407293496049776 3914817.6725873998 86650818.41586709 83007729.729520172 58139334.642241694 438392424.55608928 341657573.82826596 0 121.04499049034118 -0.00015551998049109642
0.44503650067957035 0.34311614717429412 0.27952887776296792 0.28175141657277741 0.47839950606655318 0.31540486154039504 4153858.3635056643 228330037.00869885 54412413.461825378 43577066.671274208 320920078.64725667 257028236.4462775 0 51.497647714582925 -0.00015551998228133349
0.14752993619710439 0.44239589489120895 0.21798421610565488 0.11955931389694086 0.44024822475394426 0.45570432009541062 4328457.891016935 222991697.92635918 52170056.109524913 41783177.161238104 307515368.45959413 246304463.83207202 0 58.000268940375186 -0.00015551998049109387
0.43667691130460706 0.12967591596969708 0.42299628442223097 0.18094260841284951 0.089093416833573344 0 4153858.2894106014 56802636.23955112 54412415.818984382 43577068.272582851 320920090.99263501 257028245.73474389 0 51.497652770107543 -0.00015551998049109387
0.38918722779238302 0.32167316119225536 0.42997811500215394 0.37323195519233865 0.081916424814126559 0.14672356183797203 4153858.2985315481 94522719.066992 54412415.41970928 43577067.746577956 320920088.73475277 257028242.7112698 0 51.497650243044625 -0.00015551998049109339
0.011305532537239029 0.4860238952064011 0.22261277486631012 0.17116857661660029 0.39132763792093089 0.022894184226844038 3981171.3693643538 132034080.25234902 233253064.35546428 39628881.365143061 1116262528.9864709 232364542.38514131 0 98.652411113287741 -0.0001555199822813353
0.12882914164309137 0.34159572756518658 0.3526319324394297 0.097711824718330009 0.23368986697877814 0.068632367781510661 4146654.5652759699 104565746.25824881 54780667.020700671 43881231.463740267 322789610.29014826 258573201.78847319 0 53.212345181739749 -0.00015551998138621411
0.065449307455087383 0.066689604823307935 0.26419824350814125 0.3333548464191507 0.15011357915357537 0.3390785699801237 3915155.7730538314 136533305.44936875 72224081.694690466 58167571.060632177 425826269.95185173 342996129.73544711 0 121.04488242840407 -0.00015551998049109566
0.059069857597134512 0.040180619116914604 0.26220361335720022 0.0034581872176980104 0.00082810537443219346 0.099543659970989365 3915155.5119334701 39952586.959503494 72224112.014572427 58167595.145551935 425826468.92726821 342996288.23230004 0 121.04497057972621 -0.00015551998049109588
0.18056465130778138 0.29649729393341051 0.43672152246272228 0.058758937301756568 0.49885617371156254 0.16568524371033658 4111776.3804647764 203109189.6737195 56455888.793713488 45264929.426492088 332211382.2974 266359419.2826755 0 61.854539963131018 -0.00015551998049109406
0.029009597266327961 0.43896185244409408 0.28367302293974744 0.12973287204041445 0.20855728751247685 0.40121873081690135 3995519.0144522274 176045621.18646213 184535411.55141813 39154069.967130169 1043953122.5812244 230954493.91219547 0 94.072649790925013 -0.00015551998049109504
0.015702557534914011 0.22839406044883515 0.17461823722687975 0.28381023055937266 0.4856869995698026 0.031962413844304038 4652447.7333517447 115645385.54840147 399056529.97595257 38633152.842526369 1695293902.5688648 154595734.45391643 0 171.2766729507872 -0.00015551998138621544
0.45582680065553327 0.42334520791735153 0.42621037164381947 0.23615166399072662 0.0054687811396482711 0.30353246601380696 4153858.3161778981 103263333.58661532 54412413.750792772 43577066.909520544 320920082.14120328 257028238.94901353 0 51.497645828194081 -0.00015551998138621333
0.06892907271835233 0.37938793583960928 0.28546056018338084 0.24233431143280348 0.38240965208848932 0.30560012098997835 3996462.3607284562 210183107.06761056 62302015.557101265 50093685.885734901 367331712.06189203 295383086.46340764 0 94.072635943449086 -0.0001555199813862143
0.060107992278765086 0.44088234878378646 0.28010301228615059 0.43693254048398988 0.22699457369795334 0.35435147789641086 3996299.5695922095 184026538.73106679 162387126.52887911 50093684.622273102 468704971.05549258 284564817.64250946 0 94.07264320255598 -0.00015551998138621401
0.0087154890663725063 0.10910044554832868 0.25011484091487035 0.33099933600274195 0.43326608485851115 0.042529202309094648 5483755.5993754342 39916714.023980387 443146318.40466559 21757095.322366785 2563896503.3022933 109903702.90095693 0 303.63438562624066 -0.00015551998138621585
0.044394078325571976 0.13350578924489809 0.18215586319150306 0.14244377942347056 0.13226068430400004 0.20381795468363398 3996461.855602853 98725892.402305603 62302071.590357818 50093732.524031691 367332031.1998924 295383356.59563982 0 94.072793046066565 -0.00015551998049109561
0.16844985103737786 0.24821340833981834 0.27504637180246561 0.15357272807824723 0.13011500428666245 0.18961656004880009 4086636.5484611043 106607624.04125652 57562574.056284904 46179026.708326697 339299011.54580843 272216730.00123268 0 68.357523545158131 -0.0001555199813862143
0.10798352854512248 0.26949686889292135 0.015938808330320475 0.46629335928389182 0.43543989628912877 0.47930795384554842 5669813.6965292105 107814348.09613872 52136109.572475389 42375297.912191428 307522662.25141191 250016894.90868974 0 254.83536860323255 -0.00015551998228133436
0.05619774981313333 0.066115638140150257 0.49663923890251649 0.41174987969262289 0.14746513477234754 0.30263044645605386 3915155.5885719908 126415266.57310414 72224104.315050915 58167587.780675568 425826421.38300556 342996243.05147809 0 121.04494684734404 -0.00015551998049109572
0.025785398791959836 0.32792332019375714 0.16459074573698237 0.33944353993037796 0.30689120101902895 0.15961394381234748 3995518.9881600034 146230560.76881522 184535384.48362041 39154071.832252622 1043953083.9374332 230954503.99641699 0 94.072653471618423 -0.00015551998407157481
0.30817807382474738 0.12974641669513795 0.384250931065588 0.13913839217623694 0.019219924791608611 0.47863117150930484 4076664.5489976807 144666358.35294878 58117613.210166454 46637478.514727831 342287169.63129163 274686156.45035696 0 71.0979447330634 -0.00015551998049109409
0.020473503396025279 0 0.27785157267419891 0.061291303000085451 0.45458805676423669 0.19281524478273324 5552624.2232708484 13540937.730732612 66090113.727211379 53779430.295347013 390178116.63178194 317320939.39851665 0 303.75441995987467 -0.00015551997984876586
0.0036018523395997129 0.43912181373199488 0.06075295085570611 0.31161562232571088 0.25826579408214095 0.41768633793519955 5473105.0261891065 45243718.667371675 473423833.64172798 10604901.263715724 2627218347.6998234 60860371.439800277 0 270.6840835369228 -0.00015551998228128085
0.032491321683044389 0.49664019746627663 0.14484253912185427 0.048623404458501072 0.099799772400815973 0.014571734358224024 4137196.0051189531 46262031.236385062 121856325.26399733 43137871.380289055 416185441.03676009 251614392.5519087 0 55.805136811448548 -0.00015551998138621482
0.33044534230847966 0.42107202867536619 0.16518996792865004 0 0.5 0.26985861902820379 4328449.1411824115 193430799.50454539 52170054.960601754 41783179.566767193 307515548.92181402 246304609.94847968 0 57.999242659382034 -0.00015551998138621384
0.032491321683044389 0.44319840821977668 0.088594597086448831 0.26924743230204273 0.36099449844588399 0.36425244269525919 4885143.5818774495 150958636.0700326 406149530.78748089 41956213.712308973 1456949583.6384904 149014343.23600104 0 165.31474998306126 -0.00015551998317645446
0.16851756978896482 0.37938793583960928 0.14590342043213345 0.24233431143280348 0.43732583521337381 0.38782441340312246 4328449.2928784592 210192655.40154624 52170057.872562587 41783179.485204406 307515561.04405618 246304607.42300653 0 57.999262489124419 -0.00015551998049109398
0.15957146677178596 0.16264745282536547 0.10662893138514574 0.060978262117360314 0.45107656227216975 0.3885702623260604 5770273.3311515581 78351206.271945834 46562717.390708759 37771802.828741439 274814890.72826624 222986965.36310905 0 224.83221423648135 -0.00015551998049109488
0.47454330755270629 0.40260092632439942 0.31307723869408416 0.055661304633985574 0.4570991101109188 0.021885614614441436 4153858.3222118951 152592950.6033279 54412413.779719092 43577066.987535484 320920081.01636493 257028239.04646516 0 51.497645113751275 -0.00015551998317645368
0.059069857597134512 0.49105144602828171 0.20811071542746171 0.18081552725769942 0.00082810537443219346 0.4400474720029271 4153856.3254992459 117992491.23917535 58582297.455772243 43577065.791730076 326167458.79388535 256468269.03246975 0 51.497658056402415 -0.00015551998138621428
0.44448280950181251 0.38439965583020813 0.085485624751422004 0.27957253886376798 0.040733675365507059 0.19041117587834858 4153858.3204314467 74063414.322543144 54412414.661362924 43577067.358900823 320920082.89313066 257028239.9284789 0 51.497645267904609 -0.00015551998228133387
0.18164252420010324 0.34955037664487915 0.46176295428144404 0.14256187496766493 0.22225368028093448 0.054427679640806206 4105193.6492121434 109264043.4383904 56764335.986731552 45519699.853003129 334046032.26730812 267875595.07175857 0 63.537734465727759 -0.00015551998138621384
0.039825576460300313 0.04573480548423544 0.011776696660503906 0.23686913636387771 0.17187823120509438 0.20015730535184989 3915155.4959761649 105708640.78616238 72224120.916258261 58167596.815923125 425826521.84123659 342996298.4477374 0 121.04497904394475 -0.00015551998049109604
0.038808473860567544 0.095230975094072287 0.19549901333998401 0.20649379368556983 0.081987048169129301 0.34699284712481143 3915155.6591097256 119292912.39631377 72224104.279500291 58167579.751476899 425826416.58707875 342996191.65435588 0 121.04491987428749 -0.00015551998049109566
0.20121722172508416 0.072957452752850357 0.14581315106381967 0.001176690915873435 0.14362772767050838 0.066249151845986287 4134048.9420996923 67192734.761996835 55371697.235560313 44369412.000794336 326130349.99055201 261334025.09112489 0 56.276730122907161 -0.00015551998138621506
0.17263783966817259 0.11723525894791405 0.28133546113533325 0.41444670139216971 0.088295112733797892 0.051863473891832816 3996462.2970681516 65077129.336447924 62302003.634314172 50093690.665424436 367331637.05926007 295383115.42548072 0 94.072651436630707 -0.00015551998049109504
0.032491321683044389 0.4625889581390612 0.18514177865715642 0.048623404458501072 0.13237108852071014 0.099996828264556081 4125552.0304116644 76512386.624977082 162387941.21296984 42869079.155943602 464410732.93727779 249818177.69342458 0 59.044757384722743 -0.00015551998138621487
0.061920858351960976 0.11165778469565739 0.32475558338331889 0.42339036926240436 0.088017481050458146 0.28485396662374352 3996461.59408163 104281526.37647159 62302069.040880904 50093737.108569622 367332160.26469356 295383501.31449723 0 94.072873071795073 -0.00015551998049109561
0.097548534301470161 0.067014997957044978 0.27197959711122782 0.3333548464191507 0.15011357915357537 0.3390785699801237 3996368.6947099967 132755948.01124159 62307072.513273433 50097813.008664757 367393576.05554491 295433517.65574545 0 94.101187445034157 -0.00015551998049109561
0.17263783966817259 0.11723525894791405 0.17620751908565199 0.38136982274739301 0.12826472128002547 0.051863473891832816 3996462.2993596895 75886600.984819204 62302003.516929187 50093690.568552576 367331636.36379355 295383114.85125482 0 94.072650825893533 -0.00015551998049109504
0.44098624015249921 0.27711290248761278 0.080239166645489371 0.15539313670140531 0.24242574232454078 0.5 4328448.9674535478 177520214.5718756 52170058.198500648 41783182.194063619 307515561.89834267 246304622.54796714 0 57.999235634900188 -0.00015551998049109431
0.057536833932981091 0.46762060210286188 0.4828480048996508 0.43892857733623325 0.062397808083891358 0.4220658123777401 3996299.561917583 155483671.75119323 162387919.9054403 50093683.349245891 468705814.88603431 284564729.40051425 0 94.072645000966133 -0.00015551998407157373
0.044394078325571976 0.11365894811303107 0.085608681902585637 0.14326862088125963 0.18842584832556541 0.11257894363081523 3943800.9863174548 97589919.393506303 68770928.188323244 55357635.918995798 404198405.67486352 325391569.90437365 0 111.0708190886396 -0.00015551998407157505
0.45110186083500781 0.13697603813767806 0.48336321557484641 0.44985524237851038 0.33774333746119944 0.044014512920755547 3996462.3649440398 159376081.82277939 62301996.045653023 50093686.372780293 367331591.87713462 295383090.68257374 0 94.072629178094815 -0.00015551998317645327
0.016936510572428003 0.3305966666272368 0.25024032645165928 0.23121418813061484 0.5 0.10034914689612322 5483955.156659849 73043938.224383697 458990303.65505594 10440460.211242707 2556134833.3675933 59629717.039464325 0 266.53217843188906 -0.00015551998049109545
0.0070368078941605017 0.29338718620875093 0.18875828797210048 0.40283781369282812 0.003973791006576799 0.39139828751319516 3911091.7319385558 105252212.91802385 268698721.22760552 40597766.023368992 1510938725.5082743 239670192.45042762 0 121.04497587649794 -0.00015551998138621574
0.015702557534914011 0.24576598703567948 0.19850164249038826 0.28179029419326751 0.4856869995698026 0.46299461321043656 5569729.6685149353 60211315.290735453 459137208.44326288 10133537.870652696 2566202585.2206883 58371143.208182223 0 277.57222051263346 -0.0001555199804910955
0.31025798509624347 0.20645726034568093 0.13304471250927186 0.016579796447553623 0.39827784881886974 0.42943188732709547 4328449.2779980088 197911391.39164686 52170055.538198903 41783179.550304592 307515547.30626535 246304607.85944635 0 57.999258798560973 -0.00015551998049109401
0.31993579910512321 0.13473245039835532 0.15420164358508506 0.40811087235772697 0.26377743309163604 0.0044689197103653377 4141328.1326165115 101741141.55268086 55032069.633392386 44088888.097428553 324190887.52649075 259731248.74101287 0 54.49780495345091 -0.00015551998138621395
0.13318978229844705 0.025806153574689832 0 0.26034725961685778 0.1256821905555395 0.29751650671175905 3996461.9573220536 117343762.04043245 62302046.77997493 50093725.080532841 367331882.16289771 295383310.83767092 0 94.072762539865636 -0.00015551998049109555
0.48150027164282755 0.44252011912002231 0.086323405170422834 0.044249142414016916 0.20403060781792387 0.47645200658233233 4194593.3654330345 169024848.75650918 54171370.480448753 43384232.118018098 317786339.51695144 254521245.52040243 0 53.018730738133925 -0.00015551998138621436
0.12512401226561609 0.38439965583020813 0.19527562793699924 0.41408117567516889 0.47975157643196908 0.19041117587834858 4090308.1391480183 207328160.32375062 57476192.949731573 46107675.462819412 338251798.56843966 271351266.91149586 0 67.396037201569754 -0.00015551998138621395
0.37141926641841866 0.14923356837808005 0.31058030082159216 0.24416533129852389 0.4448543910274409 0.4968571537166967 5770273.2984324247 141973785.93532163 46562713.568114229 37771801.812134236 274814868.1975677 222986959.35809171 0 224.83220360629326 -0.00015551998049109382
0.23350942408049233 0.062683574753506943 0.17927060327010011 0.0052103840292455593 0.28225500608846893 0.1206347118412691 4148053.6779960133 116900288.81877959 54708927.243122749 43821979.087151177 322423832.6223793 258270937.83671123 0 52.876865111523465 -0.00015551998049109501
0.0053171715528542995 0.12589917136959247 0.026969076489789662 0.32407739440074129 0.0085150815877058639 0.39927828327444492 3911091.6962739546 102175568.94164534 268698728.91048771 40597769.354554638 1510938774.4783349 239670211.50120378 0 121.0449880215327 -0.00015551998228133574
0.27576891444059298 0.25760790087466595 0.25745020484861669 0.45611607693940287 0.48800896980986208 0.084597450118651024 4089757.5636359965 191315045.96363497 57499499.879584506 46126930.32512863 338408629.13291621 271480896.74251699 0 67.539948665226916 -0.00015551998317645357
0.47454330755270629 0.40260092632439942 0.3444433132755671 0.11713195443552266 0.47806133212942198 0.31504524588003879 4267663.3311191183 217215550.29486245 53025983.214835383 42467922.258007921 312161485.84768414 250021362.32998323 0 55.746406058614959 -0.00015551998138621355
0.054890694575125978 0.35759631901923483 0.41580880605983755 0.088474423295928736 0.11523023145627934 0.4747910655510591 3996462.3183051143 171480569.21458974 62302031.700617656 50093686.103485771 367331883.5012176 295383079.13034928 0 94.072644703952108 -0.00015551998228133438
0.0070368078941605017 0.29338718620875093 0.18875828797210048 0.30569656843413223 0.28704835539382145 0.39139828751319516 5559997.7790651415 41479143.888997853 473110403.58235133 10385215.281616535 2625253429.7969036 59463194.181678459 0 280.91600628233311 -0.00015551998138621536
0.011061331492630144 0.4006155592856499 0.23975411912886288 0.3250843797170288 0.39368384177649485 0.19205252784119278 5481582.3149753697 61176058.938276626 458990377.66096252 10440462.503233455 2569066200.024632 59881065.788792022 0 267.34566599766413 -0.00015551998049109555
0.18056465130778138 0.29649729393341051 0.43672152246272228 0.058758937301756568 0.42910979185931147 0.2499921643757243 4111776.3346829023 202500767.33710623 56455904.010809354 45264941.995391265 332211393.89078438 266359429.67786241 0 61.854551296331408 -0.00015551998138621401
0.038808473860567544 0.26563208812513206 0.185504649925396 0.20649379368556983 0.083198769386671201 0.49758010532184971 3996426.6644412405 158962164.73715788 63026196.8590139 50093686.290581509 369344098.94293225 295168352.63370121 0 94.072651007897505 -0.00015551998138621498
0.17246223501219932 0.22900118725897695 0.10080239718824936 0.1325055564512993 0.40797495906138292 0.37356338092301894 5697915.8809960447 100575616.66394091 46831805.393569812 37964302.914758973 276413366.51235306 224126762.29002613 0 216.67601823614802 -0.00015551998049109442
0.30821771926903579 0.14140372633501042 0.15793717318632108 0.41006071584067788 0.44314936628638518 0.19815355322746409 4111938.0063069714 195191415.60788473 56449085.81861385 45259311.934303179 332166668.71889883 266322477.36020398 0 61.813524894962832 -0.00015551998138621395
0.11715747616653271 0.29338718620875093 0.18875828797210048 0.17521853981893942 0.003973791006576799 0.25702754588728483 4145984.470554607 78392228.45460327 54813307.653553404 43908191.497850314 322965166.43615824 258718279.58688176 0 53.373373590615067 -0.00015551998138621447
0.46108191436181822 0.12303912491142729 0.39030180938781744 0.42339036926240436 0.20775559595966608 0.27216282609667697 4153857.9257651567 155329452.40888625 54412434.646123677 43577083.871530712 320920185.25058782 257028323.91728184 0 51.497740182574574 -0.00015551998049109355
