0.046485818786627622 2.0323133252920766 0.99996901708773811 3.3611426480569407e-05 0.2016563930515487 0.92495584658282359 5482826.2633211268 319757955.72492743 421547529.9270469 42319041.388556667 1474568721.6961565 198735181.98323584 0 166.91272876167756 -0.00018114753984823333
0 1.7066080065712306 0.10726701648100595 0.01845712372143915 0.35795284874559719 0.26845631526835334 5055770.4992879275 181081197.67700398 313098088.89276457 42319041.022705704 720620251.04582548 264837803.63697922 0 93.524530048098498 -0.00018127374263116145
0.070658715257388718 1.3328235100459083 0.80808504754327926 0.051628627008494854 0.3735380653999345 0.77204177948494013 5479674.9315832518 323915797.5721814 330787944.06536353 40532604.064373024 878103118.9668721 228642649.57796514 0 123.4184910338212 -0.00018114737943471983
0.15167830320214407 0.90122095093183563 0.16381127344533133 0.50940334389670827 0.53184285353213612 0.76495129190500621 5586562.4138862845 341434228.87203217 50969039.503935739 40853066.269927762 345514304.93516147 277821517.56752402 0 130.41660271634882 -0.00018106302683644349
0 1.7994286008230582 0.29313400390624267 0.46262254678659165 0.19997608078776688 0.47738435862152939 4805664.9288345482 209411446.64117146 293490749.70965344 38988185.980623364 1351711992.460587 251990743.676119 0 126.53152437519037 -0.00018119026857318159
0.028485414802893488 1.9959970741715871 0.29852147177179833 0.49081465953695369 0.42489342541432473 0.51919345779325665 6167648.4968832582 222818407.79324603 409402209.93016165 39704015.579389475 1964854983.4413912 130777963.58296853 0 230.97796219380274 -0.00018118971452952751
0.043845106311113921 2.3210293421099015 0.87914833794738023 0.0094776207971185022 0.75893796366771893 0.22795878402608419 5397934.5474248938 316772520.67520332 385965934.73891079 40532603.782745376 863675533.44755757 234748939.02153563 0 119.11015270702082 -0.00018110565732894207
0.034689920639742342 1.1785860671880399 0 0.0012143442958045814 0 0.95774306990856273 5970747.8175634621 167634676.38806731 296780542.58036941 40243645.13233044 1311190712.1070783 175674962.7499676 0 175.20844222366566 -0.00018110632693848686
0.064096278774573842 0.73782192744931963 0 0.71003852931071287 0.65304547177237493 0.52041466131978964 6716731.4286291916 203237220.58525804 323946806.0881294 24562285.66955841 1978502751.6657934 102115392.12134796 0 262.23489545797975 -0.00018106399796907467
0.28583829111555553 0.72661756671187883 0.96479382481537612 0.59623966402026918 0.36871429952735818 0.13090118211704505 4694854.2295534443 249218071.00296044 60911375.556375831 48945064.306038171 416858460.4152317 334977637.07806706 0 100.00181271450305 -0.00018110501254087622
0 1.6461845957009984 0 0 0.47226886967588644 0.13360280699398294 5597514.4360963758 138034513.51272735 274393489.46221566 40399202.718040913 927820173.10637271 219103430.17055854 0 131.64160154290835 -0.00018114861509425923
0.070481472793732944 1.618872821940778 0.9086510753046374 0.99477136893700457 0.73379555431515808 0.47875642461673273 6127786.7313691545 342942052.54395688 445242357.5693593 36900713.198756933 2707273881.0429015 99921856.20831272 0 279.69039716208192 -0.0001810213129341543
0.028485414802893488 1.9959970741715871 0.32428905605841418 0.58316411017291903 0.42489342541432473 0.51919345779325665 5880652.8877806384 247916739.29663932 427559907.12893671 38798061.73003608 2398447059.2059298 129817280.28931847 0 248.48204688662744 -0.00018110603992655652
0.074123130184531122 0.67666168959662032 0.19882019973932163 0.14636306534361895 0.62590224570978803 0.39004476968137985 6675070.2288948093 190745283.74789572 274393452.05225533 37510348.9712938 625204932.06200349 228385182.59046537 0 256.35374269686474 -0.00018102202715101541
0.041519762642384585 0.33198444501563773 0.29952296210844476 0.022771339836008004 0.00052545398362821572 0.2281473076820098 4666198.1224096678 97616149.176797867 162387929.09325692 49954885.018809594 527305393.4710198 331657667.13504779 0 108.34439200397966 -0.00018119015668844224
0.20334400129679864 0.76919549444738577 0.1984781699062399 0.12404983583542803 0.31868709344272111 0.9799672113437522 6149219.2865570541 274295591.94617724 48707081.04634057 39305837.243049011 332730750.69313014 268708926.61233753 0 195.80444082292766 -0.00018102125009144713
7.069829749885119e-05 1.3384969519558441 0.038875716539599224 0.013581777979387921 0.018526661559354285 0.065689314058960113 4756322.2793383133 39433166.089257635 162387964.33736274 41329882.444719255 773673840.68299913 283128603.04859012 0 82.873028109431118 -0.00018123210867180802
0.0068609622015081417 1.3333661468767675 0.036715626957992936 0.1627821003979763 0.23441879083642103 0.42852251696836235 4999101.0750222448 190618592.45046264 387484079.27090186 41115996.88897638 1084776085.5628345 250623333.22810036 0 117.45402522153039 -0.00018119030420078258
0.034689920639742342 0.96178749016527731 0 0.0012143442958045814 0 0.95774306990856273 6666419.1875575017 117549767.89179194 323351044.63638794 18502621.953179535 2054657587.1832304 96118948.540931463 0 256.32095639388729 -0.00018106460778896162
0.03963203658645835 1.1879864903369755 0.67248136123467273 0.043558609995275013 0.22923516241907374 0.75133061954098823 6291812.7741050376 209576235.81583041 443812154.96505028 33999305.479006641 2600350484.0120573 93652107.719244495 0 279.80303257720664 -0.00018106430806986344
0.044610034728809818 0.77502076970991274 0.017156728547335773 2.93312219733471e-06 0.0011433136204399008 0.68451998960454641 4995425.8220044021 170350879.58586779 60177630.347068816 41930721.332196489 400376063.65501022 286291636.00577819 0 65.722679751185382 -0.00018110679733469525
0.20159645400089035 0.77490120944742347 0.1984781699062399 0.0022140245268531811 0.32486203062838143 0.9799672113437522 6332167.6307099685 257187562.65725344 48058484.729209282 38841844.615884617 328625363.54274595 265782887.74152231 0 216.82929490134575 -0.00018102123248642444
0.069742634624710129 0.46842595466530068 0.043538983768750199 0.00066176132041500385 0.10602755810282549 0.56794671139002406 4994522.0164122656 175353419.80320629 52914935.519978672 42379082.159178734 362021363.72178113 289959674.26061994 0 65.68871043296221 -0.00018119023023192328
0.02855558648085247 1.9959970741715871 0.24294938531957766 0.49081465953695369 0.41958361293670288 0.51919345779325665 6195767.2447705679 215762339.04439154 385965937.41839504 39637226.069715299 1733720067.2612259 140135785.21708432 0 215.69726845845298 -0.00018123152410616338
0.05974796723648497 1.3145154247987834 0.5195778203890562 0.55557226709307383 0.98028640932575595 0.01279602978984927 6340766.3425588356 267983921.94233239 420083841.57300246 39137166.27745641 2053396704.5885284 115783508.07766159 0 243.88634602456514 -0.00018110565395429499
0.0026032954267610833 0.44025404385627209 0.37072686424742995 0.19422041480370283 0.012175791449192619 0.56794671139002406 5891245.5739645306 79737797.807887062 466667470.85923922 20751239.708862666 3115653526.5518141 126948566.1623074 0 294.71685241347694 -0.00018102392994380593
0.043845106311113921 2.2621925028148571 0.87914833794738023 0.22414206136580139 0.75893796366771893 0.27107431024105155 5955659.1046592202 301321036.57119483 420615095.27769649 41508484.928505264 2065887083.3964417 139891518.27245364 0 228.95047329780866 -0.00018110559432355923
0 2.7048061658994329 0.45634017323251397 0 0.48968653942171214 0.24281852372720714 4923582.7271064529 245303817.74002481 314338636.85906619 41897485.337260634 938171200.50203943 263017923.89852875 0 103.28108513115357 -0.00018123174323415029
0.0070273123753428479 1.1840067770833425 0.1982814487060372 0.37502724385045283 0.22058237295390337 0.41054190648011646 4795394.5244712783 195689920.92579314 284516621.52363163 39036591.097583264 1342327496.4145684 253179303.03591624 0 125.3417335477595 -0.00018119034758176992
0.20381673971306807 1.6391003401648683 0.18957612161967241 0.41682250149859851 0.939812858955141 0.9799672113437522 6496112.1623806451 453934147.61832404 274393448.88978022 38482877.388213277 553664744.7524364 238737325.22749114 0 235.766204138196 -0.00018106089078084292
0.043964612264347558 0.43648898324854069 0.043538983768750199 2.8145509104064823e-05 0.94453585110332061 0.0094713878311196154 6720909.8481468167 111527775.73192748 296720851.76091009 37199820.29890693 1051301428.9718039 186593809.5456261 0 262.23489319340945 -0.00018110643539674724
0.03910288641171529 1.9908270223414504 0.81697247177981769 0.026198548026232837 0.42489342541432473 0.47424539323922221 4917876.7197519522 305334342.62121701 290363065.88569075 42319042.079589672 821937923.03480554 269135084.25948644 0 94.59027254041348 -0.00018123143834072712
0.0089435485203924504 1.7436307621806708 0.23708661454490967 0.0088075095315776862 0.50219422335770525 0.18701955737669895 5693031.3786651567 169940357.00073221 348114703.68091077 40502938.505812936 1119019797.8561866 202673707.97892755 0 150.16947128745585 -0.00018110664436436736
0.0015903502124162312 0.96178749016527731 0 0.0012143442958045814 0 0.70325094583656222 6571084.1958488058 59762134.222276993 408871920.99879205 10859657.159799332 2745061166.9220219 69450414.231369585 0 301.69501122853251 -0.00018114878567384961
0.043355283903110609 2.8438824783835979 0.91855714477245276 0.36127700921220107 0.27245154417297157 0.96421187995470947 5851064.65822904 337782683.80361414 420156147.15983498 41893902.785473496 1853932460.6172755 156618160.12761033 0 209.5903896013468 -0.00018106345984406107
0.081201947321871346 0.98400186155119918 1 0.3173238121333285 0.26241908577051548 1 5760485.1707875505 351990766.3410815 420156155.91828889 42101376.810077563 1776515794.3031492 166312236.99794608 0 200.0956013627985 -0.00018110531433613851
0.029530208551326591 0.78587544110103336 0.25103802942263675 0 0.65458696716154496 0 5282984.217576731 197969051.57066953 364054708.23948294 40568009.69174362 725586872.98080635 249570569.0424996 0 103.95015237032189 -0.00018110663744921483
0.078966169392539837 0.57802473612606209 0.25136099955531632 0.016713614283007494 0.57928061671218611 0.72448659433401474 6729092.5266592558 167422987.16031399 252897168.50489619 37771799.590991519 526992039.77714831 237341240.55075446 0 262.23489126203083 -0.00018118960064421059
0.047645210567737642 1.5955764924794749 0.0044135265769515986 0.04407087115267877 0 0.68798865591411018 4896913.3436881639 180017528.47060931 61265894.622815728 42899141.333105348 407918951.44228345 292325962.97923023 0 62.05056160812461 -0.00018119016733445423
0.044223160706579612 2.0625165763839735 0.98060492769535745 0.0084411202671829111 0.10282188038585718 0.95757733866178729 4992087.4389544167 330352343.38471735 387484146.05939502 42314399.633703969 1122669103.1213856 249239609.86527327 0 119.95693832582825 -0.00018123133027004575
0.0095498991560477153 1.223879754166215 0.28562816681811609 0.23172495554304098 0.27096738248673324 0.44027511323434398 6389192.9168588221 114182147.71584697 455819104.09391177 10766210.034892337 2981973008.722847 70519181.974449813 0 309.95323831978988 -0.00018098157810683953
0.052650879731553343 0.80489913339246566 0.13255153794425986 0.8226447763368343 0.0064283196280733798 0.077141428204925921 4697593.4787752796 83514870.053579211 179786905.21334732 40959459.700591974 1044973136.195897 274172103.46490526 0 99.465321773725449 -0.00018114788865228977
0.044370004253409673 0.91467393093551852 0.1688444436807206 0.52473167684871536 0.23214103721671886 0.67366945901415809 5133945.0172238462 265195447.53997639 386265837.02951086 42319042.132259265 919251972.53921056 249349722.25747275 0 111.76612926268453 -0.00018123160719393176
0.0070273123753428479 1.1840067770833425 0.98185281408736724 0.37502724385045283 0.22058237295390337 0.41195398508478659 4826803.5319581628 194122335.73274818 311892423.43612832 38881972.236583754 1371014184.6596713 249546623.79163697 0 128.97806203881973 -0.00018119034682672247
0.00065953879879295093 0.28823920336583253 0.00019696546278373528 0.29495190573942009 0 0 4562348.342438221 13314069.917170478 268698789.47244686 40597766.386595309 1765704987.817502 278998250.2283783 0 141.14981365407277 -0.00018119072670740586
0.0013425480084337349 0.80250917181092807 0.48318798883272707 0.11174804929537883 0.058825445762191175 0.52784090677321926 4735586.6740509905 168843676.69312495 363349073.42409587 40437310.691460669 1926529368.3448672 258967696.79648107 0 161.23438170234661 -0.00018102383732091621
8.6671617071211373e-05 0.020565569682757245 0.23743881544169959 0.86855229313584847 0.19825716335433552 0.33659168599678357 6398657.6860085586 9292899.1201592684 460116783.13452268 18834525.97039919 3005950521.8074241 128064088.15428177 0 354.3761715924777 -0.00018110752428844205
0.043845106311113921 2.2531203963955622 0.87914833794738023 0.22414206136580139 0.7586434902088719 0.27107431024105155 5981872.1160440547 299406027.54322684 422367289.24423456 41508484.702724352 2104822863.3168244 136340707.30803344 0 232.83345457139569 -0.00018114747217871669
0.029460295519314294 0.78587544110103336 0.25103802942263675 0.1204422767827947 0.63937474185826548 0.039296073837558121 5551419.3953582738 193246040.64751059 385989824.48875064 42245849.406427257 1432338959.0321362 196210995.80844346 0 166.8835290239679 -0.00018114832121886971
7.069829749885119e-05 1.3164591285086693 0.038875716539599224 0.013517035343359629 0.019374885477678461 0.065689314058960113 4747426.6657922249 40410528.650976717 162387970.07864752 40983630.322811894 813205799.15869582 281837820.2747587 0 85.253685997259765 -0.00018119041328036489
0.21117800477691867 0.77870769439805465 0.082822831133633174 0.4172070310244439 0.33108184816944258 0.9799672113437522 6091833.5926353354 289613920.95339763 48905914.497473605 39448078.766303413 334023253.66866142 269630141.12628877 0 189.1855199158702 -0.0001810211973035715
0.01333901530562151 1.8536264365246542 0.04996037118901836 0.80459485027983002 0.31656253130757744 0.47900257126268792 5349998.799195094 224105454.64634603 396644142.05530173 38633147.482314415 1888802636.0862751 188696785.39641577 0 189.61495803978818 -0.00018110646705912716
0.051775396974623591 0.37149678870864689 0.5195778203890562 0.38427064935137073 0.016785411579867848 0.012177685455970255 4661690.0225662757 53563928.569634959 114028432.53861868 50093686.220024295 480399775.61571288 338020090.59633362 0 109.68207147104579 -0.00018110653634564622
0.070418365316097242 1.622530148213682 0.9086510753046374 0.30056012867693749 0.73379555431515808 0.47416939957289544 6454208.5792077947 306131331.37118077 385965935.31499219 37611755.951279372 2030860940.0925574 109900070.38609433 0 246.63670580874671 -0.00018102144755226306
0.044595663024144194 0.33198444501563773 0.29952296210844476 0.022771339836008004 0.38493143335403357 0.83462182207420188 6649700.6575271469 117420523.23528859 324631614.22745579 39875307.323797353 613201620.19735003 250396763.37265408 0 284.16612914278301 -0.00018114835366777769
0.028484870305322089 2.0341287394656549 0.297447776174256 0.57419366894193358 0.42634109793428282 0.54128798461947847 6219084.7166096494 227300732.22677368 427173622.65865916 39037874.4749052 2407808771.4571438 107103398.2597128 0 263.52791089803054 -0.00018102236900235927
0.00059659084065143142 1.2695544507209022 0.99495871404472547 0.59548565915135809 0 0 4660848.8672063816 26601847.314839594 184535475.35202867 39154068.156181477 1219203047.1729007 268813069.48186982 0 109.6820858745981 -0.00018110702621410159
0.0053813798484953429 1.2881869405300406 0.89836428364678145 0.97481082749456616 0.23558067906630026 0.42660199467355536 5342765.0277250772 169065002.19299111 404380870.71983063 38633147.363405257 1881825544.1551003 189612954.57239956 0 188.78138481878185 -0.00018114860243123929
0.035129831144693702 2.0556858433487935 0.29824006956437882 0.59614634275687683 0.42504860054252291 0.54003710235775249 5274781.4285526313 293192829.08092725 385975909.18600535 42319042.071639873 997625378.79263699 235854040.71253237 0 123.61558759170798 -0.00018114776460158332
0.00037548248136455922 0.91653877516333537 0.11807590665895078 0.0020158989268120892 0.72749164078050832 0.0078732732266730276 6521406.312248745 59695786.864002317 457960508.35447687 9161010.6237656064 3000557334.968049 61927839.665878683 0 317.01945680647941 -0.00018110702713842631
0.0050201871094817108 0.79947958841489375 0.51821972548825812 0.21450745220066067 0.018349872102986831 0.62073205028217271 5436874.810383765 134871359.81302232 422641592.17658287 38633147.860444471 1987438625.1281133 178779667.48470914 0 200.43653584391058 -0.00018110710082765819
0.2281416373595658 0.10107676502706014 0.1984781699062399 0.12404983583542803 0.31469254646598788 0.97999961319465911 6695772.1018424369 108572096.54558529 48196904.458676353 39121607.098663017 330398892.86426747 268257218.49409413 0 272.02276446472808 -0.00018102309341956396
0.022494208890484264 2.0675989695866512 0.12000199677578059 0.064339943488101181 0.10780973663108522 0.89595092457931558 6680503.9106091578 144954717.36500391 323227626.74923337 16902752.460177541 2069408123.5435629 94531755.616718262 0 257.95762177664568 -0.00018114798153927449
0.047040315263038736 2.4013800792759854 0.93162717299679398 0.1900736387545742 0.84539081382480497 0.24411392500021528 6288155.2932711709 294246004.54029036 415713592.67390436 39507971.865779497 1980900018.4913311 122474525.37319522 0 236.79438959498216 -0.00018106358990070112
0.07048242997274945 0.68842005058273936 0.11349251975966276 0.15547449766982874 0.62590224570978803 0.38868149511979844 6536608.5745572466 195058942.23381793 296720959.13153738 38149241.742385581 853075452.75541425 208461031.12465978 0 240.76125211444645 -0.00018110577742109401
0.046485818786627622 2.0323133252920766 0.93080202994803474 3.3611426480569407e-05 0.20143251469559323 0.92322575755925018 5642820.6367918216 303645091.33058619 385965932.84866136 41761583.117383257 1266758820.7732024 198303996.32068762 0 158.97149021938355 -0.00018106383004970372
0.21215189597619538 0.77345250569409096 0.048115580999959662 0.12563036451267867 0.32499362961462708 0.9799672113437522 5922172.5918569081 281725367.46766001 49476596.497376733 39856333.054674663 337857137.54819572 272362699.57166189 0 169.55278072850481 -0.00018102122289799183
0 1.2979059577931531 0.012389545138630715 0 0 0.22789021385177158 4798370.5890952982 68651019.234809101 145659837.07909557 42146657.564907201 596162203.18356693 288976100.68760419 0 72.008344742757089 -0.00018123212817329004
0.21117800477691867 0.76471696095469677 0.012359747064063953 0.41726543977251829 0.33827541845881126 0.9799672113437522 6711304.0023772717 242824451.40809351 46609566.93607232 37805319.987694874 320192044.85318482 259771568.60495704 0 259.98151581049166 -0.00018114702286948321
0.055036209126327437 0.57809742874830272 0.018990169516529463 0.016713614283007494 0.18201192076830472 0.88968101809185329 6719851.4664568584 141181928.97821176 296780472.01404971 36470433.527014054 1458746656.1355491 148586365.97056001 0 262.23489131768537 -0.00018110611878208063
0.0022287741915036352 1.3271692045094297 0.23699052712858723 0.35414125817216724 0.23128837010599124 0.42852251696836235 6080889.4290789058 116813133.54376981 423856693.58292866 27871752.23868053 2651041054.3033819 105339431.8898637 0 274.38816177950952 -0.00018106520661527903
0.0035250576919701551 0.96178749016527731 0 0.0012143442958045814 0 0.70325094583656222 6617629.2390504824 60131833.918184534 384991951.29225236 11997351.322747769 2526786896.5743155 76130465.667075917 0 288.4757111076861 -0.000180981976805239
0.029215327005185029 3.9488029539697513 0.029782473882133953 0.21486764116658774 0.66483481313680182 0.53192690539451482 6199040.141561565 260432574.6025371 296780544.01377833 39637226.937162228 1549342005.3823276 149521632.04305303 0 201.80289798357683 -0.00018114720619020585
0.0050201871094817108 0.79947958841489375 0.95601362268347612 0.597699767045342 0.017175334232193751 0.62073205028217271 5371126.862337878 138831512.89867425 413836200.23767817 38633147.801484711 1920402809.5268638 186349612.21368134 0 192.8029475374224 -0.00018110710207329297
0.033688281728389773 1.39817401099729 0.28890752937034964 0.45018170528350904 0.70376577735838031 0.12177247691942178 6057108.9628837984 216151914.87046313 425955815.90160924 40911973.430240467 2247635633.5878716 124826798.77064331 0 245.95204543699163 -0.00018118978142652836
0.0050201871094817108 0.79947958841489375 0.52241614099380629 0.63214268689792197 0.011166542376216615 0.62073205028217271 5108891.0638613487 154292731.34620056 395985740.71066523 38633149.170454592 1657587081.5383639 216880763.80641061 0 162.42532849548013 -0.00018106542107989887
0.070122442762641693 1.5793504377770562 0.0048965801786763352 0.55315354695158658 0.72231752583066622 0.47212357690374451 6375667.654882797 260997676.28217965 313623177.32794476 39387079.568764247 1741640001.5215411 129212490.18497422 0 222.40886908285887 -0.00018110537103731926
0.043845106311113921 2.2531203963955622 0.97293252590413493 0.22414206136580139 0.7586434902088719 0.27107431024105155 5785772.2079998888 315246187.85313851 423856691.38474196 37931621.731871068 2338607668.8928108 138886731.24768162 0 240.13219839031231 -0.0001811055864447043
0.064096278774573842 1.9757988015997845 0 0.18806207882893786 0.65384121399383532 0.52004406160065597 5882186.1242783964 271452950.59550691 296780541.5130583 40295479.135268703 1221284556.8022232 185904961.34343103 0 164.83523566608949 -0.00018106343357528058
0.027799966518720604 1.9170637654413154 0.1195981426096439 0.53892608954080523 0.081390398455941745 0.91631768665190727 5962167.9218623955 219713567.12607938 385965865.4734211 40212292.397863552 1442073052.5180917 169315306.82633951 0 184.99276959521569 -0.00018110615942944577
0.21336751952416028 0.77345250569409096 0.1984781699062399 0.25555412337546102 0.32499362961462708 0.9799672113437522 5832837.6758470517 304213403.5713951 49663491.743526004 39990034.123778403 339887075.94845629 273809524.38150394 0 159.15827664162077 -0.00018102122289734133
0.0028197339146701812 1.1950758169083133 0.036643347944282777 0.042896560029796915 0.092563040503211055 0.96309198042449817 6599193.8062793612 73626558.899546832 386544260.04966527 11528973.635171106 2610371972.9815917 73421332.330084309 0 293.5298642888414 -0.00018110697173122234
0.044451004046323357 0.42618465006445033 0 0.0001413668733022547 0.0023198074605128381 1 6724226.9952392187 106972025.32074037 274393454.38076526 37199828.374791346 856120551.04536915 205029564.56135231 0 262.23489250779107 -0.00018110643187737202
0.069742634624710129 0.46842595466530068 0.043538983768750199 0.68196711868093518 0.10602755810282549 0.56794671139002406 4678991.3379780557 230238656.14337769 61661658.074407503 49564776.432058245 421871731.12677914 339120887.17578936 0 104.61126998899336 -0.00018123164311798591
0.022287390880686403 0.25096625098759251 0.23309253078462422 0.013440797019081971 0.73077515625617206 0.0067670954593160026 6495627.6407476384 90210239.059503019 422760203.67001498 23635151.923257571 2645051648.3048229 98671878.065346226 0 322.90843383268464 -0.00018106520890717135
0.0003680308436013191 0.96178749016527731 0 0.0011421786892265732 0.072192662148090198 0.95774306990856273 6533672.0941985203 60052759.855254441 442501307.48405331 9821175.6496342495 2934930647.1199532 63558271.29714641 0 313.14080280257451 -0.00018114879881741028
0.050770623913685267 2.0898112936250151 0.66527067808373597 0.50917135250878187 0.51505115590634387 0.62411125595906836 6179110.5324222613 295768383.6343472 420156113.03864044 39637221.60581585 1979719874.9830909 129333603.06669903 0 232.51125946686778 -0.00018106362822805093
0.054693942396657744 1.6126673107741154 0.42168028558339482 0.23164579996265888 0.48127247647875682 0.44238466943910082 5080699.5392320072 286721446.59716105 83913530.875878125 41343983.77478642 423750278.96517611 279406125.34385121 0 71.285056082149254 -0.00018118961027467785
0 1.5755152192328448 0.081660928805397673 0.01544564009754186 0.34508481881238756 0.28766138728371571 5595413.0669986 144676455.79103035 348150943.31429416 42085410.21252121 1226648387.9837153 203676937.20976472 0 153.77616094066511 -0.00018110690595746733
0.040274627633197627 2.8226042771238897 0.07181468021723969 0.32498091979068261 0.26236589328506249 0.98338569228646999 6405333.4195398195 237981843.8100096 313623178.30634993 39144706.947866693 1774710773.0316877 125804473.73260739 0 225.86858651085751 -0.00018106355911711025
0.00030636332524294242 0.41390352012909359 0.00040295704456485767 0.00010378546851908931 0.014916887868980544 0.52621555829565403 5190562.5251671122 113051735.74568814 443701525.82139087 40114958.743412852 2381922516.0332947 206533897.29197466 0 213.89016148762957 -0.0001811490225899564
0.064096278774573842 1.874918341922351 0.0055768398991192236 0.33893268568709767 0.66080159594941512 0.54891716867857721 6484499.3151039593 242210936.37126961 313623178.14386874 37972800.417929396 1862390324.2350724 116745085.80627209 0 235.07442148546966 -0.00018106345750050094
0.0067735886345182033 0.95978871423450784 0 0.0012816224061607262 0 0.70292821709902242 6697817.2239818992 59162887.205986351 337653141.34862632 13256887.655587181 2179632167.0766425 87765001.391951367 0 267.02629226085378 -0.0001811487008770947
0.00029629606859892486 1.2109861858310578 0.47114842568501092 0.99914616531115075 0.47338067726713762 0.09056677579089617 6147740.9142554011 99927514.958928376 423856700.20977479 24702371.86728226 2722834523.4470387 97770188.644198671 0 282.14463235834558 -0.00018106531172558502
0.034689920639742342 1.3354118571481548 0 0.021333273663811297 0 0.98494212471961418 6057941.7467138916 169366702.03530666 296780543.67654884 39952717.951232418 1402145666.4994578 165664350.82598126 0 185.38751708251925 -0.00018102265166462615
0.0050201871094817108 0.73848927069757886 0.52241614099380629 0.70983369453216005 0 0.62089084816407136 4890013.4424021672 164773234.15855876 403787183.37943989 39811588.915978894 1610090396.8189373 241900484.65164167 0 148.58345694554257 -0.00018119051323255147
0.081228846129716592 0.98400186155119918 1 0.3173238121333285 0.26241908577051548 0.99217858080850563 5542745.4058501655 364476465.37587202 420779180.04720765 42319042.153639711 1605908090.4610171 188585314.56895792 0 178.76464322008906 -0.00018114723010737721
0.043666665232166099 0.43177004832424876 0.032733212940908141 0.37825287996323148 0.92690454987387039 0.063923971611520025 6695604.442912532 132843046.4685251 378059537.26092708 37199828.9022981 1135960285.134408 184470529.11543554 0 269.29210747608687 -0.00018118995976828823
0.051926744881068992 0.49361309571115231 0.48216905894117124 0.00055639288392236863 0.749317011057135 0.52309516345497054 6698566.0047480687 157683091.87100387 385965886.57875776 37199832.090597399 886591055.63542247 208547914.23829967 0 269.83034514551474 -0.00018110625170353751
0.0050201871094817108 1.2667148618429949 0.31944215261730119 0.19812550836602161 0.079864805755672452 0.60734338494928952 5091696.8838493545 181448842.83793122 387484135.764395 38633147.532959439 1630121051.0217023 218849940.4291665 0 159.71546822777992 -0.00018110692076371608
0.0068896341474888635 1.3102595565446449 0 0.0088075095315776862 0.24266934988813552 0.42254316601245162 5523409.8563109301 143759709.6197035 274393471.02998543 40399203.394370839 852798193.27611113 227700373.60833469 0 123.00889249825539 -0.00018114860227994118
0.027724013752113835 1.224553047204983 0 0.24181139118172201 0.097499479080979112 0.78835406819666631 6178540.137557297 155503864.19633299 296780547.82610571 39637225.321574822 1527188267.319664 151856445.67933816 0 199.42191359289569 -0.00018106467322678705
0.0050201871094817108 0.79947958841489375 0.52241614099380629 0.00031672702008882225 0.017175334232193751 0.63179074476508612 5959872.641078081 102668377.9348838 423856706.32782972 31898752.718204744 2533206539.555953 119047703.25545883 0 261.11868187839133 -0.00018098201316255801
0.06973647265846257 0.71048599588639172 0.23503780175291317 0.15656662896406059 0.62590224570978803 0.40322891823030194 6584035.2696940787 203425360.39270908 296720989.88096762 38482504.069335721 1177852393.6052718 177093018.81205437 0 246.73487726692713 -0.00018106388330530647
0.072842684910748606 0.76471696095469677 0.043517717341764017 0.65806225911295824 0.32932069164191052 0.56184698332939031 4891657.7093534069 280931018.57200694 58954880.117873445 42952383.895332165 394180250.5051558 293898605.63919985 0 61.853290779160083 -0.00018118971588043637
0.084153234711624725 0.19922485751868901 0 0.0032423832121021845 0.51187230314033283 0.099205118344856041 5781037.9830154199 129440900.06480646 49883727.910695858 40079033.276543051 341061821.30009866 274646700.93786556 0 153.13696849149363 -0.00018102340839876965
0.01863391164132688 0.1814921488747876 0.7161070067113946 0.21966398592894715 0.022031044811667677 0.8591228681471097 6493134.4351582853 72537916.738600373 393787487.80935073 32588611.640375968 1915431365.8690727 167240313.13980198 0 323.3307037540402 -0.00018114875351992919
0.045424997427990867 0.10899080072271849 0.98513001834221048 0.0048549054201820182 0.02482783862930571 0.12433021624309731 4588040.1850165082 65828236.458072856 70110006.505933568 56447284.689015403 479461332.33625174 386067943.45942903 0 133.75107025059916 -0.00018119052352499873
0.022494208890484264 2.2452700924461841 0.12000199677578059 0.21704131667848836 0.10780973663108522 0.89595092457931558 6211859.2453966085 187988984.32354653 296780546.44828016 39637220.383458033 1561818529.2170403 148050619.51079625 0 203.29064645603501 -0.00018102249770406809
0.0097031202992295534 0.42934198173846627 0.059949190875023206 0 0 0 4589483.3087806636 27509394.384642441 257881996.33284864 40597762.458994105 1608092329.9943748 276108968.53505552 0 132.39543461576181 -0.00018114884583588937
0.034689920639742342 1.9084946949271997 0.0098721013632771526 0.042662246550512886 0.0013531910894113569 0.95765711172776613 5170976.2349904459 225082873.79009953 165650083.37560147 41180897.917608202 506869485.81020397 268858515.88097548 0 81.848576471509773 -0.0001812316073645384
0.00157050365721282 1.3149604129805428 0.026738523352815347 0.0019427428591276539 0 0.0597649971183455 4818547.0057038162 25265599.735854991 125957055.25574826 42352458.294884242 514205896.95362353 291778278.44403744 0 66.863022696067063 -0.00018123210761726902
0.027724013752113835 1.224553047204983 0 0.013655892974136566 0.099913748573371541 0.79418304273877705 6264555.4880022733 138767120.26925477 313623173.25040609 39637222.365280434 1616909766.7141888 142036351.01132262 0 209.4017707549886 -0.00018110644790613815
0.012412159070386362 1.0186684120602938 0.11834728006617633 0.94966880797554953 0.21476855791001512 0.42697760570238286 4743836.9546424076 203286627.00216037 238409593.07688197 39154067.773101144 1295224495.4540362 259154617.82032186 0 119.35787226704986 -0.00018110686202217472
0.032260977857285662 0.25154308329457203 0 0.19959043363825588 0.72428328622733817 0.74745884016792485 6652259.2288577482 86373996.237790897 365437500.00609314 39739893.591575809 653928426.25979769 245486105.47558805 0 283.60550740417011 -0.00018114854962429275
0.00030636332524294242 0.41390352012909359 0.00040295704456485767 0.1596781203630494 0.017484319629312323 0.52621555829565403 5448187.6772529371 97067081.665110499 444856051.3080554 36322868.687422797 2649225786.0530434 177163467.84900796 0 243.71493659062546 -0.00018102404683465227
0.0042255570251411474 0.96585681871104057 1.2422129083637656e-05 0.0012816224061607262 0.0012255488582179723 0.7020466389960458 6644264.421787478 59337102.482086793 373444627.78771651 12660186.715642393 2409700818.9859223 79947433.22923243 0 281.34494236381022 -0.00018123213427530575
0.00014008298041096739 0.94814158743440391 0.2547027747428563 0.99914616531115075 0.4811613731211356 0.098697418976096019 6394058.4699012423 69598486.99672474 458990417.25345325 10440457.578440677 3004942257.9742417 69961873.297485858 0 311.75234802688868 -0.00018098194461515845
0.004034779014915623 0.30878911941085652 0.049502350782940102 0.021330602238629232 0.13846069954064311 0.38534438789755476 5116089.3266750574 123803694.99213132 443494079.13625085 40149088.854142211 2303482405.538702 214987742.51032123 0 205.21570041071797 -0.00018114899499705448
0.23802155920012816 0.76241208595867438 0.18451472881832137 0.16947201492675038 0.33093635995528159 1 6299333.3181058085 273777851.88619423 48177761.757954329 38927173.563300662 329360601.56873125 266306918.92313683 0 213.06392017238079 -0.00018102113876002722
0.028876480430136867 1.9959970741715871 0.29852147177179833 0.49081465953695369 0.42489342541432473 0.51612753501401787 6124437.1083695125 225774628.69647133 398104544.89419174 40156470.844346561 1891449882.7013412 137052098.77630308 0 223.96566025058348 -0.00018110607334422438
0.072976613214866315 1.5793504377770562 0.0066791147490098401 0.14094717925729697 0.74652316149382647 0.47014644984833209 6424419.6938076578 242461493.02827728 313623177.02262408 38972271.837870359 1795946853.0984523 123615292.28448111 0 228.09126582005825 -0.00018102143713107419
0.0043481474011432715 0.96847421600361006 0.51064233416555294 0.37371969230940183 0.018349872102986831 0.63735185553635376 5273171.7086210363 152096213.35115045 389165810.70539433 38633147.562185943 1812372634.1743228 197736206.85585225 0 180.74523546251834 -0.00018114874955280565
0.20498045651264674 1.6322293268197181 0.18027182522605273 0.11069173947277527 0.92508281566537132 0.9799672113437522 6037846.2670341991 465250580.11850357 274393447.55511469 39777211.599635273 563970268.15149021 246082500.5665867 0 182.99480732450235 -0.00018101871770163041
0.0023260789588254623 1.3360750912984516 0.23176222999975274 0.2163671995501768 0.23533743668368109 0.42806130463920838 6199234.8887030669 110190448.73828012 439582674.5702337 22602418.89391312 2777517938.7237515 91944919.192439854 0 288.07097478710455 -0.00018098176689244918
0.0033701528406258627 1.3051032593019187 0.25254584968272964 0.36283455318802926 0.23128837010599124 0.42660199467355536 5665022.3987908103 144730041.07736549 423856649.63489521 38573989.169130959 2211523910.9974155 152600820.70400423 0 226.16587840363121 -0.00018098177853036749
0.049294155834332595 0.52900948271851722 0.001785963448423189 0.22491203314207403 0.75909450669509182 0.75207569208108072 6719291.3132892409 138328101.85651919 313622840.02085906 35917559.193162382 1634325646.1112604 132426108.68528387 0 262.23489325120011 -0.00018106445708206313
0.00013392072939712727 1.2537551923297792 0.058423553670438222 0.013581777979387921 0.074889225576072915 0.029854876214080478 4667529.8054816313 56352940.079073504 179786910.67226961 39154068.56527926 1186605914.1060228 269827234.47157913 0 107.7434219363887 -0.00018123213931470227
0 1.2946193429040458 0.014775691975413403 0.0032566005233816975 0.010337556980437618 0.22789021385177158 4785956.1470227744 73356852.737757266 159319394.66515398 41993766.572082691 647670814.23651421 287228761.8627224 0 75.233271273452544 -0.00018123212592007699
0.044595663024144194 0.33198444501563773 0.04103858236580557 0.022771339836008004 0.38284377612258347 0.56114864758471028 6729178.3251617476 92684706.158699602 260281018.197541 37771795.018056676 534376011.32707417 236553249.11222446 0 262.23489359763505 -0.00018114835379740322
0.00030636332524294242 0.41390352012909359 0.00040295704456485767 0.78100654233170874 0.013755710306461333 0.52236617545000008 4867601.3250919273 132716733.63348913 402505034.82525206 40149087.675577216 2060445573.4408724 243771946.4010205 0 176.52043727501768 -0.00018106572347288449
0.033688281728389773 0.83299558108301164 0.14205403605989508 0.38377478527660569 0.69768524618395888 0.036273868555795813 6104267.3632892957 178373054.72399589 420156041.85388005 41138784.336809322 2073037933.8808184 129777931.21350786 0 235.86721132214905 -0.00018110644212448578
0.00019046271914735513 0.25096625098759251 7.3061759038109408e-06 0.0095143114398066435 0.65079873530183163 0.0040722171871664381 6510925.777259375 21449396.101406507 471933627.75213403 9412693.5036178865 3064527763.6651921 63108581.854038879 0 320.62625686933086 -0.00018114880645032927
3.514100755847363e-05 3.990396045353986 0.29852147177179833 0.50614463259051345 0.42489342541432473 0.51919345779325665 5188047.4162946362 289812386.27975434 337465365.82353467 41997383.625286125 706721716.34805894 256752197.80760878 0 98.386497606258004 -0.00018110596467625433
0.023337258346619479 2.2711280921664345 0.046442088216180469 0.039067210545233613 0.089412943430230526 0.95881465932240773 6631175.0338029563 151464358.52373731 319872235.41319954 22126471.394171894 2017487882.6616271 100100148.70657101 0 252.22229907563815 -0.00018110605603808441
0.0023043314323510228 0.0024721083850897663 0.00093879646087468085 0.42684684753347207 0.014916887868980544 0.48677549779925933 6399173.4241168238 11628467.08926985 302382268.1410079 32458949.547652297 2033673630.7435577 219662731.03983247 0 354.37616092642793 -0.0001810242319677284
0.018495156529213394 0.13921436779801633 0.70641881190239364 0.37135471748363547 0.021678298051133901 0.83170552769622919 6506600.081450291 61310183.520802654 349394075.0487777 43948591.149767064 994839407.51679635 261495088.58797109 0 327.40383207128974 -0.0001812321683774313
0.21146334386012267 0.46842595466530068 0.012381056199922356 0.023077620687101535 0.10602755810282549 0.99715526333215621 6464598.9408389721 176755694.20578852 47555909.899994217 38482314.603318922 325665860.64717948 263673455.40424317 0 231.97939827566753 -0.00018110580344235733
0.0020826510473750275 1.2976480206030532 0.018460470726368194 0 0 0.36883130698883337 4831640.3219507085 101287478.31574291 99678068.478870049 42828703.007437922 461841407.73514366 293649469.90488154 0 63.46563936509709 -0.00018114870850548804
0.018687588478691147 0.20467034315088473 0.70936142264299951 0.62973231172228661 0.74705793730318582 0.88040018577145951 6493209.3697040509 76209557.378626227 421220688.55522323 25148816.336392727 2464104838.3058867 115640456.21640311 0 323.03052303090294 -0.0001811070290879137
0.070481472793732944 1.5961489833570881 0.9086510753046374 0.22670726466530133 0.73379555431515808 0.47875642461673273 6563638.0676926682 294227020.90665412 385965930.55792671 27107809.326435398 2086947541.6772914 100445635.21630308 0 255.11912893716271 -0.00018097952476341995
0.0091871200904671234 0.0019731035450767376 0.059418315138059334 0.034666687108307379 0 0 4567091.5921953367 6518081.4465802666 72224162.646041125 58167597.681819752 495465955.2076835 399095565.81520486 0 141.14981139632741 -0.00018098259580593779
0.10727065707150861 2.2365289400246824 0.74212486403549249 0.19775858960220474 0.76120567414683593 0.52036745963800035 5162786.0805698568 404231235.63495219 158435920.06949523 41219809.803762093 499325408.29300094 269813978.01608747 0 80.892121338112233 -0.00018114671066832202
0.043992542222996686 3.5404272742446636 0.83753529745660571 0.80830363622171908 0.75278244336362843 0.49003500811004963 5898214.9717396721 380990492.93653882 423064655.36793947 41273550.335678868 2217838000.6444445 136795597.72629791 0 236.92693002692351 -0.00018110501499179826
0.0049130170147452593 0.79947958841489375 0.007935279638219439 0.62166948793672683 0.0092174213423770746 0.62073205028217271 5044329.3830752075 157833901.56075773 397300311.85860044 38633148.222433157 1603969910.5481682 224377294.36344042 0 155.69695241809291 -0.00018114880542371357
0.052885562208454119 1.3422140134533411 0.87565338156307282 0.050999640991804485 0.75926469819932263 0.23302184138208859 6341039.4592722394 252602585.04939431 420156146.00607812 38658847.851007946 2299160326.4971485 104212160.47682175 0 261.10271893829713 -0.00018106391993586649
0.0098237407361574693 0.97023869660461792 0.0018330305693196897 0.0036409253182872227 1.9306214791386901e-06 0.70327840511632156 5764244.5738740591 122777510.42405286 296716854.79286194 40399202.435765609 1123031729.7893579 198001488.1293762 0 153.20309853527561 -0.00018114866483073846
0.070418365316097242 1.6206297897884208 0.89039336284388115 0.30382288580383709 0.73379555431515808 0.46996305746228467 6398254.7628235258 308238035.52309495 385965934.1216113 38906220.599475779 1940428840.2952683 117706673.23064221 0 238.08494549169887 -0.0001810214540537575
0.046493266793193856 2.0323133252920766 0.99996901708773811 3.3611426480569407e-05 0.2016563930515487 0.91871552980650861 5306406.4299561409 329725062.40681493 421547447.96973085 42319041.412325919 1338438130.327107 217033683.22114211 0 149.44282174003465 -0.00018118942114401452
5.9581923222234295e-05 1.2259655410221408 0.47400153322937005 0.98386862071643111 0.4811613731211356 0.09056677579089617 6387424.2047468387 84964658.830527797 448715886.86407763 11495873.672026247 2979711148.4248152 70728122.926604405 0 309.75028999247309 -0.00018098188611794791
0.20496239091786544 0.77490120944742347 0.1984781699062399 0.0022140245268531811 0.32600363799204757 0.9799672113437522 6244171.7026775945 263580617.85300049 48373688.867427856 39067335.296262063 330597165.33375478 267188249.86472702 0 206.73101201990616 -0.00018097927872323872
0.0044488425913506661 0.96585681871104057 1.2422129083637656e-05 0.0012816224061607262 0.0024801164357056149 0.7020466389960458 6652688.7684921846 59003848.929118231 368607054.25502479 12794400.503647106 2373246804.4060383 81151931.434546083 0 279.10831050287374 -0.00018110704675165332
0.038403974483301503 2.3210293421099015 0.87914833794738023 0.0094776207971185022 0.75893796366771893 0.22795878402608419 6031792.1034890078 274041784.65778589 385965930.21407604 39817544.599920109 1587607110.275176 157724865.85861376 0 198.33648320989926 -0.00018102200213293595
0.0068609622015081417 1.3333661468767675 0.036914595020088078 0.1627821003979763 0.24258532975277725 0.42852251696836235 5197991.2533824844 180279939.12429678 387271028.09834784 41105111.31214904 1270618925.0750494 228275857.70139968 0 139.51152595463742 -0.00018114856527531279
0.070481472793732944 1.5961489833570881 0.0093740000861096129 0.22670726466530133 0.73379555431515808 0.47495838237416721 6501654.9312608875 238114679.91442508 324070834.47888482 37251447.142228864 1881069758.566659 114793833.86210495 0 237.06522570320473 -0.00018102148847287333
0 3.1743205521750606 0.045973091379133114 0 0.33813018065841238 0.57572676392447886 6282597.140452994 157941104.31924516 313623174.97697073 39637032.700774796 1637231825.0789788 139948809.3165198 0 211.51844826022415 -0.00018102261621567845
0.044595663024144194 0.34204816067346511 0.37544537399234001 0.022771339836008004 0.38284377612258347 0.52841974848092488 6577770.3548026793 129623899.74070956 373459689.31543165 43493648.921828613 687790354.99402857 266517713.04752511 0 307.8870006598379 -0.00018114830095652921
0.28583829111555553 0.72661756671187883 0.9627461976229108 0.54934273838572589 0.20085643295222899 0.10983726082133065 4788306.5200040974 180730005.14307886 56775163.34972468 45528645.856168225 388775062.81057471 311767652.19644165 0 74.183013062739548 -0.00018118891987137497
0.12504582757635307 0.61797069888478617 0.28993706980758915 0.20642606926853324 0.46691402131933268 0.59355180847243616 6680851.53655612 199571809.11078143 46716009.666742958 37881465.911295928 320862915.61365402 260249765.89570099 0 256.54943782767782 -0.00018110568062945799
0 0.048958379605494318 0.95621845582327647 0.13128886251710126 0.061041720691379558 0.43854725304114484 6375008.8285808833 13779998.479063217 481561878.97548491 17232819.170444068 3130483316.5601993 116833084.52657901 0 351.31625353234921 -0.00018114910478932795
0 0.5388388203757235 0.18606482068836772 0.24025476460075113 0.0097181243432700737 0.54347320188454862 4855529.0817103554 140519555.02480459 393532582.86062241 40149087.980985671 2047789712.7446194 245178315.27898207 0 175.12140435400627 -0.00018110733135288834
0.010065308772306006 0.96178749016527731 0.00095151418426134282 0.92849883353563623 0 0.73398353110349479 6302474.6040542778 106087958.1996907 445242282.46468973 15694669.775528837 2889253872.5520039 80260038.522732854 0 299.99424946303338 -0.00018106516984103246
0.00030636332524294242 0.41602936714306932 0.00040295704456485767 0.0093092653736846498 0.014915240554648447 0.52455781990238026 5032304.0082222866 122967091.33456877 433638684.4571715 40149088.35743805 2222733620.6055937 224714706.09509519 0 195.57151529141532 -0.00018110737214128232
0.061361798768142878 0.19543519579074189 0 0 0 0.69199045974653695 5050767.7191536948 165259521.6088165 52170057.077024341 41783179.692091823 357727579.99453843 286524667.28333783 0 67.772500376216527 -0.000181190375561943
0.0058377589497439434 1.1840067770833425 0.20392506316263337 0.027638110680372086 0.24119965758731998 0.41054190648011646 5436247.6198516022 159135205.02833712 423855719.82443655 38633147.339726768 1975836420.0722036 178824471.27456579 0 199.60125467693121 -0.00018102349597105312
6.7295731114699149e-05 0.0024721083850897663 0.00093879646087468085 0.46821051706015754 0.014916887868980544 0.48250165347028318 6394081.2382514877 6983620.1027976517 395544892.45068091 24411966.07101186 2582026496.7340746 168187535.57640278 0 354.37616975218032 -0.00018114918155734421
0.0035777423419891775 0.79940175741732844 0.016229819920621547 0.00032434481386824435 0 0.61917918585457465 4887006.8622073559 164479294.22599345 396021753.11892647 40095004.47186432 1656397140.4213376 242144425.28968298 0 151.45406096706512 -0.00018119051671159432
0.25142155337413341 0.010615176158493167 0 0 0 0 4845156.1943638595 6259898.5544279842 54412414.22302898 43577067.624205597 373471179.39216721 299119568.85019362 0 60.115425134366831 -0.00018110698146074703
5.9581923222234295e-05 1.1119303015178938 0.47400153322937005 0.99914616531115075 0.4811613731211356 0.09056677579089617 6396780.4029218033 78042174.189068183 458990321.47951615 10440459.314193189 2989986968.5410061 69672573.535351872 0 310.82058266593583 -0.00018098191824388168
0.0032813067760653764 1.1882169243411391 0.19362086919432295 0.0046013051189019586 0.21903425028712303 0.40184369598007763 4950827.4036286287 179654671.51438794 387484043.15261626 38633147.712628335 1487616019.0717154 235236887.47546944 0 143.31513122985979 -0.0001811904010553355
0.0050165978656138222 0.96847421600361006 0.51064233416555294 0.37371969230940183 0.017894771984284723 0.63735185553635376 5061300.7150655165 166452472.63557157 387484137.99944657 38633147.678795733 1599509154.3665166 222425788.35624945 0 156.17550190328654 -0.00018114874119205934
0.03188727111392984 0.36048848166109571 0.026231396191176592 0.20761521967553059 0.23632477522089554 0.61920659753201757 6688295.0120663522 101315354.25769641 385965841.09176111 26065000.020194232 1983954940.9892287 107257691.07603386 0 269.96470348982803 -0.00018110670407878288
0.00030636332524294242 1.2494836640186171 0.00093879646087468085 0.00010395679734411867 0.00076625212407906672 0.52621555829565403 4802603.4254334504 143006418.37414181 138916631.61440882 42185075.335312836 578666733.63511777 289584787.69207036 0 70.894084243126997 -0.00018119044066916478
0 0.048958379605494318 0.95621845582327647 0.80995851512802264 0.061041720691379558 0.4351691684827782 6168430.830359376 26969335.221493084 482838946.71099675 18143617.775431842 3135220354.671957 120210724.02201971 0 327.13498879085228 -0.00018110746431349435
0.0015099122478677701 1.7066080065712306 0.037404268410535631 0.01845712372143915 0.35795284874559719 0.26845631526835334 5103409.8002069518 171185575.13568842 104824179.22926886 41343981.103292435 444661193.15186882 276749450.67807853 0 73.946515553013882 -0.00018106517430924225
0.004034779014915623 0.32982254475175415 0.049502350782940102 0.019278842514118155 0.14654649781151052 0.38534438789755476 5534501.773414975 99490999.148179948 444856198.81345999 35434005.712339342 2737918256.8535271 167243232.50902572 0 253.65748548027938 -0.00018106564599307661
0.00011074047451770943 0.96178749016527731 0.10590241278284172 0.0012143442958045814 0 0.70325094583656222 6486386.6945963986 63764006.445831761 459000767.24589217 9993287.0064770021 2996236173.8753839 64080580.58690168 0 315.21208315094088 -0.00018106533559775464
0.028656527698359711 0.25154308329457203 0.00014810857422979185 0.1385890652651722 0.72468929924164627 0.98319588117810919 6695926.5142417178 77575116.232137293 379516027.74436134 37212872.01343552 758435351.51426697 221997437.39598373 0 270.59409243057235 -0.00018102341075352933
0.0020350139105614791 0.0024721083850897663 0.00093879646087468085 0.028542225932762844 0.014916887868980544 0.48677549779925933 6397911.7276566643 11202101.544476913 313928108.69797438 31461669.769296262 2101675614.227212 213277881.27475774 0 354.37616201251353 -0.00018102423884616372
0.0089435485203924504 1.7221155363622325 0.012047362557711416 0.033016953585142367 0.49509188588018227 0.19252272104445967 5713650.8857267536 153534676.0488162 274393473.91847533 40399203.157790005 1044634216.4386673 205378351.93950567 0 145.17385210021337 -0.00018110666679043856
6.2706227050935391e-05 1.3402782555287107 0.38618222539824681 0.17617071991759969 0.47363751269188037 0.088608818772074757 5170939.2878269497 166311685.82646802 387484118.94186044 38633147.499900065 1709913341.9233885 209690344.2675755 0 168.89883662084412 -0.00018114869860596687
0.0038106015984746828 1.2324712839454275 0.038875716539599224 0.013784184068569405 0.018526661559354285 0.064553487961199474 4798257.3642572593 35516240.866207063 161963738.83860072 42290137.44480183 597336021.23128247 288841876.53398889 0 72.215388938753904 -0.00018123209375399746
0.0050165978656138222 0.96847421600361006 0.51128235812179945 0.2256870065229396 0.017894771984284723 0.62395311990439406 4857391.9895139728 176236442.91922477 337534684.4465031 38633148.274558343 1399001818.0185924 246012206.15014267 0 132.5137039414592 -0.00018110705336504379
0.0029606655294486667 1.0283892913815629 0.3926568119590827 0.77490676276132509 0.10662678594079217 0.54029728052849313 6017829.8976664934 105798221.09885085 423856696.03154987 29892326.282206222 2584536941.9167838 112484517.03361817 0 267.11079365614967 -0.00018102363747564063
0.020343228341896925 1.2562852004137226 0.15508686705009955 0.19468108097977047 0.34933545065463412 0.35751523914447891 5061155.9698894639 212379321.48379755 387483973.23054045 42319041.817397416 819378363.16099131 259314997.47400665 0 101.34197702739573 -0.00018123187363879121
0.0014420897647210444 1.323681344320937 0.007698906591639465 0.013581777979387921 0.045490622574322903 0.065689314058960113 4831015.0080992216 39282971.103653349 100245661.32004832 42762908.778590627 464292428.55166894 293562278.42427629 0 63.621874617302645 -0.00018114870929591799
0.00013775792008888753 0.30306960036662944 0.47391998390096418 0.99914616531115075 0.47955383071390467 0.017719383496350882 5972599.8005091939 61127755.956969559 482771555.53149742 18088671.605913024 3132755019.9756627 117725768.96330547 0 299.64244988247964 -0.00018106549642647572
0.0056160197002438246 1.3360750912984516 0.21716695743843384 0.2163671995501768 0.23380249452651108 0.44534719540995671 5567640.8216304742 159209695.02886522 423856619.01437187 38633146.215508372 2110805670.1900773 163719837.51265737 0 214.86032954904297 -0.00018098169347642085
0 3.9490586998931372 0.029782473882133953 0.21486764116658774 0.062929248703341434 1 5389470.9822776206 247784194.54590145 274393462.63150781 40532600.069540188 716160800.2499578 243218617.93557248 0 107.33871257486666 -0.00018110595047239321
0.00071400591272061012 1.7066080065712306 0.10726701648100595 0.39672803701756709 0.35795284874559719 0.31087665989514124 5690575.6676799674 158045271.20875928 423856658.59681368 38516023.980170079 2237909957.6131201 149688674.96156451 0 229.12653152060344 -0.0001810233499499522
0.00064238261635934588 0.41521309870428863 0.52104133048132861 0.027626887882226503 0.015733009450225151 0.52455781990238026 4941631.3035345171 129591696.34233344 416457839.72804326 40149086.998546846 2132476008.1318996 235183655.79815343 0 185.07912346469658 -0.00018110736988627738
0.037058709975093161 0.32031598849513881 0.5141971917440622 0.25557976052726816 0.42668237519568908 0.99416129462706693 6527482.5176606197 123653349.1994175 387130963.53501391 45014913.883852437 937703190.22491646 257170417.32101411 0 322.90843034109662 -0.0001811066350664075
0.067928246293511199 0.68793186623764524 0.19668562078241233 0.14326695967148972 0.59811196238109643 0.40143167556529413 5904993.2528739031 237153144.82668412 296720986.9905054 41065151.66799368 972724014.22492886 208483275.56075472 0 167.5801454790444 -0.00018114768606762436
0 0 0 0 0 0.70601312779865744 6394046.7368142717 6394046.7737726206 389629970.74354011 24922871.151647575 2541901653.122035 171994916.53680545 0 354.37617112593705 -0.00018106591881946854
0 0.18574289409241307 0.99851633937815942 0.44881361991024027 0.38497400300979356 0.5761774705017213 6479815.7521996181 19986954.791690744 473960167.56806034 11076850.161836276 3076216236.9438601 72719550.798094869 0 329.56824589577843 -0.00018110714490334292
0 0.14864671208637881 0.95621845582327647 0.063320027063907575 0.061041720691379558 0.43937303374074393 5913826.7849929985 49154209.505556196 482344492.34806371 18202865.899707269 3140463606.0261831 124400035.22795084 0 297.30097851290373 -0.00018106580170568689
0.0034613635873057668 0.96847421600361006 0.51064233416555294 0.37371969230940183 0.025099816766819796 0.63735185553635376 6054532.0663317684 101591545.43379563 423856700.94117343 28370170.120116122 2623667577.5276055 108321326.56239668 0 271.36144223433251 -0.0001810236551243166
0.0033701528406258627 1.2933575847505567 0.30147349506717908 0.35208354871572956 0.23215541164349429 0.42660199467355536 5785372.267846466 136752112.74958184 423856672.82587522 38164821.076783627 2336652454.3272715 138911695.00152802 0 240.10241777993525 -0.00018098177968210337
0.064096278774573842 1.874918341922351 0.97975566383837764 0.35263962262408693 0.66080159594941512 0.54891716867857721 6365485.8384250933 316942059.67440873 421706263.00533718 37972800.749931529 2380255592.1945577 98951342.674128652 0 267.6822991422323 -0.00018106337650966928
0 0.048958379605494318 0.13396348569287536 0.79961248412046693 0.054479569806292691 0.4351691684827782 5978861.16249849 38560363.34018299 482344789.4123773 18202836.220697403 3139026438.75141 123333727.28786474 0 304.91951877978954 -0.00018102419756259742
0.029353917056788907 0.25096625098759251 0.028395038358373828 0.0095143114398066435 0.65009728067763128 0.0040722171871664381 6727343.4563422864 69407848.720346123 275808943.97469383 37199831.694470286 602054042.06459105 229834974.99242264 0 262.33126280679653 -0.00018102341127018045
0.0021988183244469788 0.75758693338427419 0.042357638829134625 0.58495934226043955 0 0.6167332512418342 5271803.0989466822 137510246.79839206 436802028.26444507 40149079.620492235 2396921397.2609353 197140505.45671859 0 218.9666791000823 -0.00018106549928467903
0.023337258346619479 2.2541205584013708 0.2686772171607415 0.035758827125804249 0.089412943430230526 0.95881465932240773 6690881.9374410873 161323869.79777646 323708963.44660378 15783196.096924556 2080297973.4692266 93362755.627140343 0 259.16205866411599 -0.00018102244514642352
0.0042345346461968893 0.79947958841489375 0.95601362268347612 0.57483137131912665 0.017175334232193751 0.62073205028217271 5701370.3957720734 116338199.42144637 423856683.95780683 38507419.006290898 2263466213.6047702 148467155.43409482 0 231.386148800233 -0.00018102373572504129
0.0051257002502087239 0.038329511746983846 0.48993036255763767 0.43958727231837358 0.014916887868980544 0.48636460703024975 4563155.1682250183 138712840.21985382 177873698.40798053 55547274.489768542 768717642.63145685 372026919.71847463 0 141.18006253720114 -0.00018119074121270991
0.0027134235557866246 0.09771640735887499 0.95621845582327647 0.80995851512802264 0.061569070158204356 0.4351691684827782 4966245.4441155763 114293564.51768127 421511285.73222572 40149089.323158219 2158527468.058218 232346060.84053153 0 187.94828472325875 -0.00018114910172325471
0.019843663695680247 1.6827382684274941 0.002954735851043 0.0070012142034955455 0.73066314189837911 9.5306888987544899e-05 6024141.5084807277 154198804.96102232 296780545.19819814 40165402.575850978 1366019824.784771 169532714.13386789 0 181.44495409218757 -0.00018110643163105349
0 0.70294415009779065 0.77238013693363428 0.76760113664895424 0.20774497050953222 0.32464506833835022 4986998.8099975213 143610677.82203335 417646880.11541218 40149089.034704067 2174223462.3091655 229950004.77555549 0 190.28509607621737 -0.00018110725836044812
0.004034779014915623 0.43648898324854069 0.049502350782940102 0.12212338492032682 0.14655198160245828 0.38534438789755476 4787285.0160523653 151265446.62561488 370050807.04726952 40401163.022612631 1978018314.7844687 253019511.77644444 0 167.22472647600139 -0.00018110728391847034
0.044551016355337335 1.3629073911192466 0.12156578711304403 0.56001254498406305 0.24330723515971242 0.68661589651738408 5290336.6808665805 260567317.40876538 348314941.70221698 40532607.675628528 709558267.18396902 249932972.22297716 0 103.01889407401598 -0.00018114793481226825
0 1.2203947638133197 1 0.054744995969400051 0.17687540366620302 0.45581428644370309 5912881.3216071669 114265067.71233174 423856683.24027258 33870087.097470142 2472970296.6579204 124407148.04722454 0 254.95068245130449 -0.00018102362416174274
0.021204326484169242 0.20819741146378729 0.96382835999231797 0.049167490808263353 0.065357574223927295 0.85836463749323977 6495053.8193481574 81721587.108883381 387131014.72653145 33623771.004588947 1906491149.1538792 167152284.78418458 0 322.90843637550358 -0.00018119039826617524
0.047964706453065095 0.52451576373334041 0.42394137686748623 0.37838296302461327 0.00019744584833752705 0.31144043552440887 4661114.5569235701 135052077.02484155 179786833.43341798 48856666.453701489 985645594.91881347 289472558.05027038 0 109.6820691664966 -0.00018110629209619277
0.028967191607278564 1.2349440326686181 0.67410596314525906 0.12392980811422141 0.45190145281783978 0.37853758478651545 5952742.2720946204 202353761.26957113 445242304.17179775 37858582.587085322 2513074799.4155207 119913572.57957765 0 259.40332214267306 -0.00018102276722479482
0.033610561969559014 1.39817401099729 0.28890752937034964 0.39280424701230454 0.70376577735838031 0.12490704563637318 6161488.0122624151 205818405.20420229 419217864.62039196 39637224.515000746 2011646733.7699032 128953197.74110383 0 234.02745298644203 -0.00018118981353773718
0.0050201871094817108 0.014588342638322427 0.50642060214610674 0.70452674486758471 0.011166542376216615 0.59559581853906818 6409708.2804598603 18423697.31560399 262741462.24624482 38517805.615489289 1651065655.9870086 255363528.15164822 0 354.37617028169916 -0.00018110745177204386
0.0068896341474888635 1.2073835496380152 0 0.0088075095315776862 0.2155578068502122 0.42254316601245162 5309632.6804495035 149929523.01571265 274277791.1779089 40532604.836525381 635393847.49215531 252710722.79675925 0 97.981743991681611 -0.00018110695979431799
0.010065308772306006 0.96221999536087721 0 0.57049265031336205 0.004551612339092681 0.68361267731094011 4919967.3544708584 187564863.46384031 387484085.05435652 38633147.671639927 1456183078.568562 238813164.06857091 0 139.70979210302312 -0.00018119036160117036
0.0041961252008538702 3.1743205521750606 0.045973091379133114 0.001012919510425217 0.33813018065841238 0.57572676392447886 5685760.6171488743 199938469.64271551 274393463.98278987 40399203.720078461 1016305882.7431579 208562936.76667655 0 141.92954055468761 -0.00018114797427753548
0.0033471539569172723 0.6022159384103063 0.19342727837867163 0.81328373747255744 0.23541440892178356 0.31009002875305947 5355843.2179234102 126487926.03828841 444856036.77103019 40035889.781368196 2548987614.0492187 187514230.60567832 0 232.96664075233537 -0.00018102385953939641
0.061361798768142878 0.19543519579074189 0 0 0.34529748765427559 0.69199045974653695 6731386.2563362215 62830381.462023571 46562723.050712764 37771802.219589755 319751412.73551869 259457414.21992764 0 262.23490220910674 -0.00018098171470636772
0.0091871200904671234 0.87797579567979589 0.075589008545403708 0.0031575285267365083 0 0.037221534055473682 4715587.378554957 31462662.012255114 172877335.18903852 40891309.22369568 958008179.25568604 277065750.50494647 0 94.102594022759419 -0.00018127380820843006
0.029279722403251971 1.9959970741715871 0.29852147177179833 0.49210112260575145 0.42489342541432473 0.51612753501401787 5989504.8885737117 234713198.91216624 387807455.23722863 41173415.516607121 1732828335.6851535 153349298.44560257 0 206.98477070313959 -0.00018106424479421771
0.0033450564260612704 0.6022159384103063 0.18433522155194718 0.81328373747255744 0.24101085625952665 0.31009002875305947 5756446.6894512782 101672107.92586091 444377629.4958328 26868657.732704375 2968195811.5964279 142086937.90551478 0 278.98919573915714 -0.00018102383529767163
0.069498307674209031 0.48911305900445795 0.29168692934089308 0.25002736558736549 0.74862543217844846 0.81406946155968796 6728874.2412442686 159460119.63809615 138641686.79607925 37771799.744221739 412736584.25542736 249534274.86861098 0 262.23489399304111 -0.00018110615558044257
0.070667595425091503 1.2153313601210969 0.33093996436178319 0.18893720306567513 0.39017214008427625 0.6085075000414697 5215452.8320421316 284670513.28253675 203949186.60356301 40863445.556129962 547859991.462641 263675212.30194303 0 87.035286485430362 -0.00018118949794435773
0.018495156529213394 0.1555810032631828 0.70641881190239364 0.37136360278032521 0.3215995262212003 0.83170552769622919 6497416.4569213483 66622904.791666307 398179780.79148293 41080800.775939845 1375190677.1378927 222977879.86379194 0 326.18940014709358 -0.00018119047312929997
0 0.96207160299065719 0.2547027747428563 0.95073209218499577 0.04240980625344816 0.10238766090100043 4598959.9642333835 66014077.301337145 249816067.22372201 40597762.007732213 1554123049.1737165 275105055.43297791 0 129.30065883326779 -0.00018119052171745379
0.022005846957259548 0.25096625098759251 0.11269062343503784 0.086214571808084534 0.73077515625617206 0.0081048019180488817 6496190.5872403821 89420925.356617868 435872466.56917596 22567174.522643246 2699061395.7552352 93756044.337195545 0 322.90843108017214 -0.00018110693255718777
0.020387351157125325 0.1814921488747876 0.7161070067113946 0.2243189201385675 0.33071979194831186 0.38857764531992256 6503731.0057895631 74273920.740989149 387130969.49327469 39651392.236460999 1498823327.7179503 205040011.60561275 0 322.90844804509567 -0.0001811070427889987
0 2.4671171276471675 0.34948007202697112 0.14142095248919476 0.46331287325963844 0.31285619391101893 6333452.1407731399 159408662.69842035 445242257.9007504 17236924.490436137 2850149563.5624094 79900664.607728168 0 298.73255468977942 -0.00018106470217965067
0.0022254927572871921 1.3284922620224509 0.23699052712858723 0.35414125817216724 0.22804243886535702 0.42852251696836235 5844230.6853065025 131626948.5278576 423856677.86657369 36704294.508766629 2399157298.9279566 132216214.65550117 0 246.94532812477161 -0.00018102350339246063
0.00049996191182297796 0.69479013393484812 0.98520009801378472 0.84674308918419761 0.19971419705233898 0.33571005162594425 4926077.5517602731 148378820.54055843 400456933.31795192 40149089.16924841 2114244410.4715676 237023119.25159335 0 183.25159081617295 -0.00018119059568640121
0 1.3623262981254223 0 0.11442781871492891 0.17277739155899696 0.97199263035191752 6576913.5245449059 77241322.935669646 407726210.69957489 10907769.424357247 2716013887.3587132 69987434.895050466 0 299.91616849219588 -0.00018114866640615092
0.0050201871094817108 0.80063200215929131 0.14767236117262622 0.19149081242024435 0.017175334232193751 0.61674989448318951 5226454.4285649527 147475385.601529 395770403.23825461 38633148.946729019 1775440797.9431443 203169966.48335117 0 176.04348333203484 -0.00018114879429809454
0.0023901158265837775 0.0055795785918505425 0.038849196207197838 0.012419299831510744 0.060426989527148617 0.065689314058960113 4564225.9912778363 41626796.856679067 105345634.03293993 56038984.67300804 626352823.6534847 386409142.00730187 0 141.14981623643496 -0.00018127407265100174
0.0020153154363639746 0.0024721083850897663 0.73625106222883163 0.028542225932762844 0.095973705809920984 0.17296287229436674 4564046.8300234331 79324081.489157602 103974005.30663222 55920428.400922261 635921572.14642227 385545749.67190212 0 141.14981667423507 -0.00018127407712866249
0.0056715789103878624 2.7599790800574446 0.44908543452891087 0.15956073831216611 0.21593154722085106 0.42891287245464954 4736801.3464459255 224153967.19440991 172877319.32310888 41622400.380323917 864362042.89615107 279992794.01146138 0 88.544796839048573 -0.00018118985889545975
0.041519762642384585 0.33956330420383252 0.29952296210844476 0.022771339836008004 0.019965678735005044 0.2479006015001774 4690718.5782800484 106852988.28471841 162387933.18751088 48971126.357090026 519515264.09404838 325219321.0995515 0 101.18162935552834 -0.00018114839948891074
0.070667595425091503 1.2153313601210969 0.0089742135926046407 0.0013040122598027004 0.39017214008427625 0.60891962466450156 5224914.0656494573 253482161.73948544 211939342.00704166 40777250.423600525 556580924.93426466 262573877.42862621 0 88.136996284895332 -0.0001811894860231448
0 0.2536853073088694 0.25300282934813273 0.0003777978844266526 0.4694162362507765 0.097245815402366154 6396527.2122243047 29714135.824378356 473457816.30912584 10632950.723930093 3074313963.0976515 70964146.333871841 0 317.27902182718833 -0.00018114876328894792
0.033610561969559014 1.7319076538535736 0.28293353307334274 0.083124262133448784 0.70376577735838031 0.12411532540338727 5403815.5251382338 238919065.52778527 274393467.9531545 40532602.027030312 730516071.98344398 241495730.33636087 0 109.01249348664368 -0.00018106434523321765
0.011154414116320923 1.7015704576966864 0.22283990842826162 0.054510731948670607 0.47690805354135901 0.2106535680621674 5137558.0453015808 206666260.73356518 359898960.03203106 42319041.565668806 739315616.1472435 258341319.51064476 0 98.7119447884115 -0.00018110663986253595
0 0.016371272838908824 0.95621845582327647 0.72517780908583651 0.061041720691379558 0.4351691684827782 6397013.9704240942 8641371.0697797071 446057506.73612595 20048906.53442736 2910741609.0400872 137091149.35835433 0 354.37617053781059 -0.00018114916758789641
0.0050223432117433697 0.67980153259721954 0.52241614099380629 0.597699767045342 0 0.62089084816407136 5087662.8218488554 151781893.46984208 408424342.42208248 39690769.541323505 2015622245.1973429 218651209.89783996 0 185.03097913413461 -0.00018114883730205224
0.0040844758124272008 1.1343107511488224 0.39772419320180014 0.81013583815041468 0.13649496167056827 0.53682986962060231 6295867.5418924894 97906040.729679599 445242165.71637768 16643593.070995159 2881820548.092761 81014888.655168563 0 299.23218675115595 -0.00018098182414151478
0.044807714953789921 0.288934687518416 0.41531438812623733 0.45566289059645237 0.013238849875195191 0 4661955.3750823103 40378878.425286107 62302007.319959559 50093687.88260223 427385272.84419304 343677655.74455714 0 109.68207269353536 -0.00018114848475535202
0.00064238261635934588 0.41521309870428863 0.52104133048132861 0.027626887882226503 0.024379583476584976 0.52614811272037287 5763587.3653549608 78677088.866315827 444856117.26296681 25456293.603245143 2980719315.6584411 141294690.87574121 0 280.07940355947051 -0.0001811073372016642
0.0027781833315562374 0.19543519579074189 0 0 0.34529748765427559 0.32477298543300576 6496412.6924437582 27550181.580245428 472804723.23034 10132555.075296935 3068960254.5790348 66771902.298936732 0 324.70138815512831 -0.00018114881516121382
0.0027950481213521762 1.306461959336968 0.25254584968272964 0.36964515123971275 0.23128837010599124 0.42660199467355536 5876253.5175956544 130139034.16926005 423856681.51743954 35666281.033814617 2433122406.261663 128572489.19250534 0 250.66164504730949 -0.00018102349716379469
0.061900935185456592 0.61314129517719651 0.16700702252369604 0.33162812552394161 0.55269538114547301 0.72874264723927951 6722827.7758311443 177937127.35922095 296720920.23040318 37199830.284552366 960865494.57482541 195063249.34150663 0 262.23489246711233 -0.00018110597997803823
0.0016079561793597152 0.0068787110811173169 0.87914833794738023 0.22618886656240234 0.75414380027429262 0.48384145846404641 6395080.3936205208 11450158.157603282 348944151.8921476 28437135.685729615 2319031732.1915007 192794461.92480791 0 354.37617292827008 -0.0001811491543975272
0.00030636332524294242 0.41390352012909359 0.00040295704456485767 0.13340304559277 0.21895263724688668 0.42891268359421331 6460485.1827988969 35413486.47168237 473254205.17961401 10469156.440585027 3068509540.3584633 66294009.950255722 0 318.69173198977705 -0.00018114874406988606
0 1.6461845957009984 0 0 0.47226886967588644 0.12950252425678846 5426007.6892809458 148149543.10639581 274393468.46244723 40399203.393032812 754160165.54020739 239193588.41172671 0 111.60948722603672 -0.00018119032858511215
0.0034613635873057668 0.96847421600361006 0.51064233416555294 0.1273053399884671 0.011058626154332236 0.63735185553635376 5211274.3406475596 153109626.26125789 387484189.21080166 38633147.699115738 1750394018.7370989 204965343.96542254 0 173.5795121145153 -0.00018110707662219791
0.0033471539569172723 0.57467683856089136 0.19342727837867163 0.81328373747255744 0.23541440892178356 0.31009002875305947 5629860.3100880915 107690653.4069684 444856092.24332029 32601806.96353418 2837833443.987565 156412077.0582642 0 264.65622753519528 -0.00018106553464332625
0.039754651239551922 1.9023833232454961 0.25644017547519782 0.21145608865660609 0.10420138392182676 0.86443661657715287 5251903.3358003795 254176524.87056953 234691474.54300228 40532606.754616596 581433552.5939945 259435495.49599814 0 91.276407064432533 -0.00018123154500790899
0.032466625494615681 1.9959970741715871 0.32428905605841418 0.62665460801655559 0.42489342541432473 0.54532626913960358 5694084.8103332184 269778340.2339046 422968376.32183373 40443209.348828234 2052021364.4802976 157902103.17450362 0 216.47641253802041 -0.00018102228562743496
0.0050165978656138222 0.92324762111056358 0.51064233416555294 0.23150274011266095 0.017894771984284723 0.63783326337802471 5322569.0098157348 148616020.4008885 403084821.47610641 38633147.524315 1861716233.96697 191982027.8974632 0 186.45150423507374 -0.00018114875126602959
0 0.029955201649486396 0.032739115870533464 0.72517780908583651 0.061041720691379558 0.4351691684827782 6401236.1189084854 9888233.4810251892 481248282.2358681 17009278.769005276 3129884595.0509968 116406963.10540268 0 354.3761649244513 -0.00018106586550494324
0.052885562208454119 1.3422140134533411 0.87565338156307282 0.034111843278754717 0.75926469819932263 0.23688889371816549 6410166.2912838366 247465076.58710903 420156134.03874135 36055730.187493339 2318181945.3182435 98971992.732191086 0 265.17773060552469 -0.00018110579224030866
0.034782786611190587 0.25154308329457203 0.00014357544493205269 0.1385890652651722 0.73362081526495149 0.98319588117810919 6720977.8132586544 76926661.431336403 203525644.57657084 37771794.628795512 477620797.50330031 244524613.10425135 0 264.12296779952629 -0.00018102336768242107
0.00045042790344979045 0.54147231538057783 0.18606482068836772 0.24025476460075113 0.011150526343118944 0.54347320188454862 4813618.8856746126 144432219.87038767 372756718.25257879 40517595.293383241 2007034548.0246928 250007184.8010543 0 170.28252252261964 -0.00018110732233917582
0.00047239634073964129 0.024104246358339132 0.99409910947321944 0.5568696137272241 0.19829495657323321 0.33532482089833726 6398491.2575219348 10921747.518440772 456575539.8367337 19140404.379832335 2995757747.9293089 128942923.12851483 0 354.37617364903031 -0.00018123242762824385
0.084153234711624725 0.19922485751868901 0.0029983142449173106 0.051757325573973223 0.51564717924994419 0.099590564459439021 6048668.9362298092 115597627.52788952 49033037.190688133 39539017.662157185 334994142.48742312 270322054.52064645 0 184.21033060547407 -0.00018098166935563725
0 0.0024656644231754142 0.2547027747428563 0.88827186908504929 0.21949964294270574 0.0033591317817490557 4560317.7798767332 74637598.331768543 210451425.99392626 45714664.280729502 1394542718.6166811 314078299.17065179 0 141.14981457928866 -0.00018106594147119102
0.03963203658645835 1.1879864903369755 0.036524113043333431 0.043470920163995314 0.22923516241907374 0.75133061954098823 6566246.3294268437 147294603.86993018 315892487.04831839 29071381.09446428 1948941388.9089811 107453869.19780445 0 244.64733727437255 -0.00018110615553973799
0.0068896341474888635 1.2073835496380152 0 0.00027414397966144324 0.2155578068502122 0.41874530132135973 5279487.0463286424 150568009.96840981 256470947.7689485 40532605.792887412 606944073.06702852 256228394.08985364 0 94.481100650155895 -0.00018110696145300981
0.00066910143889866228 0.41390352012909359 0.00033107125855276302 0.0087483571829400572 0.014916887868980544 0.53001342298674592 5245324.7564696306 110965151.85794145 444298117.95651746 39906361.191180468 2436979015.1674471 200263019.06273028 0 220.22082885438994 -0.00018102404415467591
0.046343483343292136 0.33198444501563773 0.29952296210844476 0.022634238032799583 0.18340627438655221 0.14772588589394559 4682437.3830829114 133713734.70930824 108880014.29407957 49338815.774243526 468677754.4157424 333048721.65568852 0 103.54997646348041 -0.00018106490597555238
0.047490071053810645 0.51009117440390295 0.0075989926818759521 0.97266043046784134 0.0031647839722036553 9.5121801943624408e-05 4661175.105181789 56665667.022216722 179786865.94606441 49246258.867911033 981134894.96916676 289862176.09755492 0 109.68206992779133 -0.00018110629145028355
0.0069717606304633591 0.81831778573922831 0.033096805286895181 8.3291159717659331e-05 0.21971517960743395 0.42211591296146933 6588283.1096304869 66093982.968598969 397642084.91198212 11151249.236824211 2661725335.4535704 71752610.820150495 0 296.62370058727856 -0.00018114873030696958
0 1.344386766213119 0.0030476347352025035 0 0.19272651593080792 0.52674450395870764 6704842.4492833074 59410835.500605375 324070899.59433013 13168037.538175559 2155461570.5273919 88594798.793627083 0 265.46296649840281 -0.00018114868163672055
